0.102170
0.153255
0.187312
0.212854
0.233288
0.250317
0.264912
0.277684
0.289036
0.299253
0.308541
0.317055
0.324914
0.332212
0.339024
0.345409
0.351419
0.357095
0.362473
0.367581
0.372446
0.377090
0.381533
0.385790
0.389877
0.393806
0.397590
0.401239
0.404762
0.408168
0.411464
0.414657
0.417753
0.420758
0.423677
0.426515
0.429276
0.431965
0.434585
0.437139
0.439631
0.442063
0.444439
0.446762
0.449032
0.451253
0.453427
0.455555
0.457641
0.459684
0.461687
0.463652
0.465580
0.467472
0.469329
0.471154
0.472946
0.474708
0.476440
0.478142
0.479817
0.481465
0.483087
0.484683
0.486255
0.487803
0.489328
0.490831
0.492312
0.493771
0.495210
0.496629
0.498029
0.499409
0.500772
0.502116
0.503443
0.504753
0.506046
0.507323
0.508585
0.509831
0.511061
0.512278
0.513480
0.514668
0.515842
0.517003
0.518151
0.519286
0.520409
0.521520
0.522618
0.523705
0.524781
0.525845
0.526898
0.527941
0.528973
0.529995
0.531006
0.532008
0.533000
0.533982
0.534955
0.535919
0.536874
0.537820
0.538757
0.539686
0.540607
0.541519
0.542423
0.543319
0.544208
0.545088
0.545962
0.546827
0.547686
0.548537
0.549382
0.550219
0.551050
0.551874
0.552691
0.553502
0.554307
0.555105
0.555897
0.556683
0.557463
0.558237
0.559005
0.559767
0.560524
0.561275
0.562021
0.562762
0.563497
0.564226
0.564951
0.565670
0.566385
0.567094
0.567799
0.568499
0.569194
0.569884
0.570570
0.571251
0.571928
0.572600
0.573268
0.573931
0.574590
0.575245
0.575896
0.576543
0.577185
0.577824
0.578458
0.579089
0.579716
0.580339
0.580958
0.581574
0.582185
0.582793
0.583398
0.583999
0.584597
0.585191
0.585781
0.586368
0.586952
0.587533
0.588110
0.588684
0.589255
0.589822
0.590387
0.590948
0.591506
0.592062
0.592614
0.593163
0.593710
0.594253
0.594794
0.595331
0.595866
0.596398
0.596928
0.597454
0.597978
0.598500
0.599018
0.599534
0.600048
0.600559
0.601067
0.601573
0.602076
0.602577
0.603075
0.603571
0.604065
0.604556
0.605045
0.605531
0.606016
0.606497
0.606977
0.607455
0.607930
0.608403
0.608874
0.609342
0.609809
0.610273
0.610736
0.611196
0.611654
0.612110
0.612564
0.613016
0.613466
0.613914
0.614361
0.614805
0.615247
0.615687
0.616126
0.616563
0.616997
0.617430
0.617861
0.618291
0.618718
0.619144
0.619568
0.619990
0.620410
0.620829
0.621246
0.621662
0.622075
0.622487
0.622897
0.623306
0.623713
0.624119
0.624522
0.624925
0.625325
0.625725
0.626122
0.626518
0.626913
0.627306
0.627697
0.628087
0.628475
0.628862
0.629248
0.629632
0.630015
0.630396
0.630776
0.631154
0.631531
0.631907
0.632281
0.632654
0.633025
0.633396
0.633764
0.634132
0.634498
0.634863
0.635227
0.635589
0.635950
0.636310
0.636668
0.637026
0.637382
0.637736
0.638090
0.638442
0.638793
0.639143
0.639492
0.639839
0.640186
0.640531
0.640875
0.641218
0.641559
0.641900
0.642239
0.642578
0.642915
0.643251
0.643586
0.643920
0.644253
0.644584
0.644915
0.645245
0.645573
0.645901
0.646227
0.646552
0.646877
0.647200
0.647522
0.647844
0.648164
0.648483
0.648802
0.649119
0.649435
0.649750
0.650065
0.650378
0.650691
0.651002
0.651313
0.651622
0.651931
0.652239
0.652546
0.652851
0.653156
0.653461
0.653764
0.654066
0.654367
0.654668
0.654967
0.655266
0.655564
0.655861
0.656157
0.656453
0.656747
0.657041
0.657333
0.657625
0.657916
0.658207
0.658496
0.658785
0.659072
0.659359
0.659646
0.659931
0.660216
0.660499
0.660782
0.661065
0.661346
0.661627
0.661907
0.662186
0.662464
0.662742
0.663019
0.663295
0.663570
0.663845
0.664119
0.664392
0.664665
0.664936
0.665207
0.665478
0.665747
0.666016
0.666284
0.666552
0.666818
0.667084
0.667350
0.667615
0.667879
0.668142
0.668404
0.668666
0.668928
0.669188
0.669448
0.669708
0.669966
0.670224
0.670482
0.670738
0.670994
0.671250
0.671505
0.671759
0.672012
0.672265
0.672518
0.672769
0.673020
0.673271
0.673520
0.673770
0.674018
0.674266
0.674514
0.674760
0.675007
0.675252
0.675497
0.675742
0.675985
0.676229
0.676471
0.676714
0.676955
0.677196
0.677436
0.677676
0.677916
0.678154
0.678392
0.678630
0.678867
0.679104
0.679340
0.679575
0.679810
0.680044
0.680278
0.680511
0.680744
0.680976
0.681208
0.681439
0.681670
0.681900
0.682129
0.682358
0.682587
0.682815
0.683043
0.683270
0.683496
0.683722
0.683948
0.684173
0.684397
0.684621
0.684845
0.685068
0.685291
0.685513
0.685734
0.685956
0.686176
0.686396
0.686616
0.686835
0.687054
0.687272
0.687490
0.687708
0.687925
0.688141
0.688357
0.688573
0.688788
0.689002
0.689217
0.689430
0.689644
0.689856
0.690069
0.690281
0.690492
0.690703
0.690914
0.691124
0.691334
0.691543
0.691752
0.691961
0.692169
0.692377
0.692584
0.692791
0.692997
0.693203
0.693409
0.693614
0.693819
0.694023
0.694227
0.694430
0.694634
0.694836
0.695039
0.695241
0.695442
0.695643
0.695844
0.696044
0.696244
0.696444
0.696643
0.696842
0.697040
0.697238
0.697436
0.697633
0.697830
0.698026
0.698222
0.698418
0.698613
0.698808
0.699003
0.699197
0.699391
0.699585
0.699778
0.699971
0.700163
0.700355
0.700547
0.700738
0.700929
0.701120
0.701310
0.701500
0.701689
0.701879
0.702067
0.702256
0.702444
0.702632
0.702819
0.703006
0.703193
0.703380
0.703566
0.703752
0.703937
0.704122
0.704307
0.704491
0.704675
0.704859
0.705043
0.705226
0.705408
0.705591
0.705773
0.705955
0.706136
0.706317
0.706498
0.706679
0.706859
0.707039
0.707218
0.707398
0.707577
0.707755
0.707933
0.708111
0.708289
0.708467
0.708644
0.708820
0.708997
0.709173
0.709349
0.709524
0.709700
0.709875
0.710049
0.710224
0.710398
0.710571
0.710745
0.710918
0.711091
0.711263
0.711436
0.711608
0.711779
0.711951
0.712122
0.712293
0.712463
0.712634
0.712804
0.712973
0.713143
0.713312
0.713481
0.713650
0.713818
0.713986
0.714154
0.714321
0.714488
0.714655
0.714822
0.714988
0.715155
0.715320
0.715486
0.715651
0.715816
0.715981
0.716146
0.716310
0.716474
0.716638
0.716801
0.716964
0.717127
0.717290
0.717452
0.717615
0.717777
0.717938
0.718100
0.718261
0.718422
0.718582
0.718743
0.718903
0.719063
0.719222
0.719382
0.719541
0.719700
0.719858
0.720017
0.720175
0.720333
0.720491
0.720648
0.720805
0.720962
0.721119
0.721275
0.721432
0.721587
0.721743
0.721899
0.722054
0.722209
0.722364
0.722518
0.722673
0.722827
0.722981
0.723134
0.723288
0.723441
0.723594
0.723747
0.723899
0.724051
0.724203
0.724355
0.724507
0.724658
0.724809
0.724960
0.725111
0.725261
0.725412
0.725562
0.725712
0.725861
0.726010
0.726160
0.726309
0.726457
0.726606
0.726754
0.726902
0.727050
0.727198
0.727345
0.727492
0.727639
0.727786
0.727933
0.728079
0.728225
0.728371
0.728517
0.728662
0.728808
0.728953
0.729098
0.729243
0.729387
0.729531
0.729675
0.729819
0.729963
0.730107
0.730250
0.730393
0.730536
0.730679
0.730821
0.730963
0.731105
0.731247
0.731389
0.731531
0.731672
0.731813
0.731954
0.732095
0.732235
0.732376
0.732516
0.732656
0.732795
0.732935
0.733074
0.733214
0.733353
0.733491
0.733630
0.733768
0.733907
0.734045
0.734183
0.734320
0.734458
0.734595
0.734732
0.734869
0.735006
0.735143
0.735279
0.735415
0.735551
0.735687
0.735823
0.735958
0.736094
0.736229
0.736364
0.736499
0.736633
0.736768
0.736902
0.737036
0.737170
0.737304
0.737437
0.737571
0.737704
0.737837
0.737970
0.738102
0.738235
0.738367
0.738499
0.738631
0.738763
0.738895
0.739026
0.739158
0.739289
0.739420
0.739551
0.739681
0.739812
0.739942
0.740072
0.740202
0.740332
0.740462
0.740591
0.740721
0.740850
0.740979
0.741108
0.741236
0.741365
0.741493
0.741621
0.741749
0.741877
0.742005
0.742133
0.742260
0.742387
0.742514
0.742641
0.742768
0.742895
0.743021
0.743147
0.743273
0.743399
0.743525
0.743651
0.743776
0.743902
0.744027
0.744152
0.744277
0.744402
0.744526
0.744651
0.744775
0.744899
0.745023
0.745147
0.745271
0.745394
0.745518
0.745641
0.745764
0.745887
0.746010
0.746132
0.746255
0.746377
0.746499
0.746621
0.746743
0.746865
0.746987
0.747108
0.747230
0.747351
0.747472
0.747593
0.747714
0.747834
0.747955
0.748075
0.748195
0.748315
0.748435
0.748555
0.748675
0.748794
0.748913
0.749033
0.749152
0.749271
0.749390
0.749508
0.749627
0.749745
0.749863
0.749981
0.750099
0.750217
0.750335
0.750453
0.750570
0.750687
0.750804
0.750922
0.751038
0.751155
0.751272
0.751388
0.751505
0.751621
0.751737
0.751853
0.751969
0.752085
0.752200
0.752316
0.752431
0.752546
0.752661
0.752776
0.752891
0.753005
0.753120
0.753234
0.753349
0.753463
0.753577
0.753691
0.753805
0.753918
0.754032
0.754145
0.754258
0.754372
0.754485
0.754597
0.754710
0.754823
0.754935
0.755048
0.755160
0.755272
0.755384
0.755496
0.755608
0.755720
0.755831
0.755943
0.756054
0.756165
0.756276
0.756387
0.756498
0.756609
0.756719
0.756830
0.756940
0.757050
0.757160
0.757270
0.757380
0.757490
0.757599
0.757709
0.757818
0.757928
0.758037
0.758146
0.758255
0.758364
0.758472
0.758581
0.758689
0.758798
0.758906
0.759014
0.759122
0.759230
0.759338
0.759445
0.759553
0.759660
0.759768
0.759875
0.759982
0.760089
0.760196
0.760303
0.760409
0.760516
0.760622
0.760728
0.760835
0.760941
0.761047
0.761153
0.761258
0.761364
0.761470
0.761575
0.761680
0.761786
0.761891
0.761996
0.762101
0.762205
0.762310
0.762415
0.762519
0.762623
0.762728
0.762832
0.762936
0.763040
0.763144
0.763247
0.763351
0.763455
0.763558
0.763661
0.763764
0.763868
0.763971
0.764073
0.764176
0.764279
0.764381
0.764484
0.764586
0.764689
0.764791
0.764893
0.764995
0.765097
0.765198
0.765300
0.765402
0.765503
0.765604
0.765706
0.765807
0.765908
0.766009
0.766110
0.766211
0.766311
0.766412
0.766512
0.766613
0.766713
0.766813
0.766913
0.767013
0.767113
0.767213
0.767312
0.767412
0.767511
0.767611
0.767710
0.767809
0.767908
0.768007
0.768106
0.768205
0.768304
0.768402
0.768501
0.768599
0.768698
0.768796
0.768894
0.768992
0.769090
0.769188
0.769286
0.769383
0.769481
0.769579
0.769676
0.769773
0.769870
0.769968
0.770065
0.770162
0.770258
0.770355
0.770452
0.770548
0.770645
0.770741
0.770838
0.770934
0.771030
0.771126
0.771222
0.771318
0.771413
0.771509
0.771605
0.771700
0.771796
0.771891
0.771986
0.772081
0.772176
0.772271
0.772366
0.772461
0.772556
0.772650
0.772745
0.772839
0.772933
0.773028
0.773122
0.773216
0.773310
0.773404
0.773498
0.773591
0.773685
0.773779
0.773872
0.773965
0.774059
0.774152
0.774245
0.774338
0.774431
0.774524
0.774617
0.774709
0.774802
0.774895
0.774987
0.775080
0.775172
0.775264
0.775356
0.775448
0.775540
0.775632
0.775724
0.775816
0.775907
0.775999
0.776090
0.776182
0.776273
0.776364
0.776455
0.776546
0.776637
0.776728
0.776819
0.776910
0.777000
0.777091
0.777181
0.777272
0.777362
0.777452
0.777543
0.777633
0.777723
0.777813
0.777903
0.777992
0.778082
0.778172
0.778261
0.778351
0.778440
0.778529
0.778619
0.778708
0.778797
0.778886
0.778975
0.779064
0.779152
0.779241
0.779330
0.779418
0.779507
0.779595
0.779683
0.779772
0.779860
0.779948
0.780036
0.780124
0.780212
0.780299
0.780387
0.780475
0.780562
0.780650
0.780737
0.780824
0.780912
0.780999
0.781086
0.781173
0.781260
0.781347
0.781434
0.781520
0.781607
0.781694
0.781780
0.781867
0.781953
0.782039
0.782125
0.782212
0.782298
0.782384
0.782470
0.782555
0.782641
0.782727
0.782813
0.782898
0.782984
0.783069
0.783154
0.783240
0.783325
0.783410
0.783495
0.783580
0.783665
0.783750
0.783835
0.783919
0.784004
0.784089
0.784173
0.784258
0.784342
0.784426
0.784511
0.784595
0.784679
0.784763
0.784847
0.784931
0.785014
0.785098
0.785182
0.785265
0.785349
0.785432
0.785516
0.785599
0.785682
0.785766
0.785849
0.785932
0.786015
0.786098
0.786181
0.786263
0.786346
0.786429
0.786511
0.786594
0.786676
0.786759
0.786841
0.786923
0.787006
0.787088
0.787170
0.787252
0.787334
0.787416
0.787497
0.787579
0.787661
0.787742
0.787824
0.787905
0.787987
0.788068
0.788149
0.788231
0.788312
0.788393
0.788474
0.788555
0.788636
0.788717
0.788797
0.788878
0.788959
0.789039
0.789120
0.789200
0.789281
0.789361
0.789441
0.789521
0.789602
0.789682
0.789762
0.789842
0.789921
0.790001
0.790081
0.790161
0.790240
0.790320
0.790399
0.790479
0.790558
0.790638
0.790717
0.790796
0.790875
0.790954
0.791033
0.791112
0.791191
0.791270
0.791349
0.791428
0.791506
0.791585
0.791663
0.791742
0.791820
0.791899
0.791977
0.792055
0.792133
0.792211
0.792289
0.792367
0.792445
0.792523
0.792601
0.792679
0.792756
0.792834
0.792912
0.792989
0.793067
0.793144
0.793221
0.793299
0.793376
0.793453
0.793530
0.793607
0.793684
0.793761
0.793838
0.793915
0.793992
0.794068
0.794145
0.794222
0.794298
0.794375
0.794451
0.794527
0.794604
0.794680
0.794756
0.794832
0.794908
0.794984
0.795060
0.795136
0.795212
0.795288
0.795364
0.795439
0.795515
0.795590
0.795666
0.795741
0.795817
0.795892
0.795967
0.796043
0.796118
0.796193
0.796268
0.796343
0.796418
0.796493
0.796568
0.796643
0.796717
0.796792
0.796867
0.796941
0.797016
0.797090
0.797165
0.797239
0.797313
0.797388
0.797462
0.797536
0.797610
0.797684
0.797758
0.797832
0.797906
0.797980
0.798053
0.798127
0.798201
0.798274
0.798348
0.798421
0.798495
0.798568
0.798642
0.798715
0.798788
0.798861
0.798934
0.799008
0.799081
0.799154
0.799226
0.799299
0.799372
0.799445
0.799518
0.799590
0.799663
0.799736
0.799808
0.799881
0.799953
0.800025
0.800098
0.800170
0.800242
0.800314
0.800386
0.800458
0.800530
0.800602
0.800674
0.800746
0.800818
0.800890
0.800961
0.801033
0.801105
0.801176
0.801248
0.801319
0.801390
0.801462
0.801533
0.801604
0.801676
0.801747
0.801818
0.801889
0.801960
0.802031
0.802102
0.802173
0.802243
0.802314
0.802385
0.802455
0.802526
0.802597
0.802667
0.802738
0.802808
0.802878
0.802949
0.803019
0.803089
0.803159
0.803229
0.803300
0.803370
0.803440
0.803509
0.803579
0.803649
0.803719
0.803789
0.803858
0.803928
0.803998
0.804067
0.804137
0.804206
0.804276
0.804345
0.804414
0.804484
0.804553
0.804622
0.804691
0.804760
0.804829
0.804898
0.804967
0.805036
0.805105
0.805174
0.805242
0.805311
0.805380
0.805448
0.805517
0.805585
0.805654
0.805722
0.805791
0.805859
0.805927
0.805996
0.806064
0.806132
0.806200
0.806268
0.806336
0.806404
0.806472
0.806540
0.806608
0.806676
0.806743
0.806811
0.806879
0.806946
0.807014
0.807082
0.807149
0.807216
0.807284
0.807351
0.807418
0.807486
0.807553
0.807620
0.807687
0.807754
0.807821
0.807888
0.807955
0.808022
0.808089
0.808156
0.808223
0.808289
0.808356
0.808423
0.808489
0.808556
0.808622
0.808689
0.808755
0.808822
0.808888
0.808954
0.809021
0.809087
0.809153
0.809219
0.809285
0.809351
0.809417
0.809483
0.809549
0.809615
0.809681
0.809747
0.809812
0.809878
0.809944
0.810009
0.810075
0.810141
0.810206
0.810271
0.810337
0.810402
0.810468
0.810533
0.810598
0.810663
0.810728
0.810794
0.810859
0.810924
0.810989
0.811054
0.811119
0.811183
0.811248
0.811313
0.811378
0.811442
0.811507
0.811572
0.811636
0.811701
0.811765
0.811830
0.811894
0.811959
0.812023
0.812087
0.812152
0.812216
0.812280
0.812344
0.812408
0.812472
0.812536
0.812600
0.812664
0.812728
0.812792
0.812856
0.812920
0.812983
0.813047
0.813111
0.813174
0.813238
0.813301
0.813365
0.813428
0.813492
0.813555
0.813618
0.813682
0.813745
0.813808
0.813871
0.813935
0.813998
0.814061
0.814124
0.814187
0.814250
0.814313
0.814375
0.814438
0.814501
0.814564
0.814627
0.814689
0.814752
0.814815
0.814877
0.814940
0.815002
0.815065
0.815127
0.815189
0.815252
0.815314
0.815376
0.815438
0.815501
0.815563
0.815625
0.815687
0.815749
0.815811
0.815873
0.815935
0.815997
0.816059
0.816120
0.816182
0.816244
0.816306
0.816367
0.816429
0.816490
0.816552
0.816614
0.816675
0.816736
0.816798
0.816859
0.816921
0.816982
0.817043
0.817104
0.817165
0.817227
0.817288
0.817349
0.817410
0.817471
0.817532
0.817593
0.817654
0.817714
0.817775
0.817836
0.817897
0.817958
0.818018
0.818079
0.818139
0.818200
0.818261
0.818321
0.818381
0.818442
0.818502
0.818563
0.818623
0.818683
0.818743
0.818804
0.818864
0.818924
0.818984
0.819044
0.819104
0.819164
0.819224
0.819284
0.819344
0.819404
0.819464
0.819523
0.819583
0.819643
0.819703
0.819762
0.819822
0.819881
0.819941
0.820000
0.820060
0.820119
0.820179
0.820238
0.820297
0.820357
0.820416
0.820475
0.820534
0.820594
0.820653
0.820712
0.820771
0.820830
0.820889
0.820948
0.821007
0.821066
0.821124
0.821183
0.821242
0.821301
0.821360
0.821418
0.821477
0.821535
0.821594
0.821653
0.821711
0.821770
0.821828
0.821886
0.821945
0.822003
0.822062
0.822120
0.822178
0.822236
0.822294
0.822353
0.822411
0.822469
0.822527
0.822585
0.822643
0.822701
0.822759
0.822817
0.822874
0.822932
0.822990
0.823048
0.823106
0.823163
0.823221
0.823279
0.823336
0.823394
0.823451
0.823509
0.823566
0.823624
0.823681
0.823738
0.823796
0.823853
0.823910
0.823968
0.824025
0.824082
0.824139
0.824196
0.824253
0.824310
0.824367
0.824424
0.824481
0.824538
0.824595
0.824652
0.824709
0.824766
0.824822
0.824879
0.824936
0.824992
0.825049
0.825106
0.825162
0.825219
0.825275
0.825332
0.825388
0.825445
0.825501
0.825557
0.825614
0.825670
0.825726
0.825782
0.825839
0.825895
0.825951
0.826007
0.826063
0.826119
0.826175
0.826231
0.826287
0.826343
0.826399
0.826455
0.826511
0.826566
0.826622
0.826678
0.826734
0.826789
0.826845
0.826901
0.826956
0.827012
0.827067
0.827123
0.827178
0.827234
0.827289
0.827344
0.827400
0.827455
0.827510
0.827566
0.827621
0.827676
0.827731
0.827786
0.827841
0.827897
0.827952
0.828007
0.828062
0.828117
0.828171
0.828226
0.828281
0.828336
0.828391
0.828446
0.828500
0.828555
0.828610
0.828665
0.828719
0.828774
0.828828
0.828883
0.828937
0.828992
0.829046
0.829101
0.829155
0.829210
0.829264
0.829318
0.829373
0.829427
0.829481
0.829535
0.829589
0.829644
0.829698
0.829752
0.829806
0.829860
0.829914
0.829968
0.830022
0.830076
0.830130
0.830183
0.830237
0.830291
0.830345
0.830399
0.830452
0.830506
0.830560
0.830613
0.830667
0.830720
0.830774
0.830828
0.830881
0.830934
0.830988
0.831041
0.831095
0.831148
0.831201
0.831255
0.831308
0.831361
0.831414
0.831468
0.831521
0.831574
0.831627
0.831680
0.831733
0.831786
0.831839
0.831892
0.831945
0.831998
0.832051
0.832104
0.832156
0.832209
0.832262
0.832315
0.832368
0.832420
0.832473
0.832526
0.832578
0.832631
0.832683
0.832736
0.832788
0.832841
0.832893
0.832946
0.832998
0.833050
0.833103
0.833155
0.833207
0.833260
0.833312
0.833364
0.833416
0.833468
0.833521
0.833573
0.833625
0.833677
0.833729
0.833781
0.833833
0.833885
0.833937
0.833988
0.834040
0.834092
0.834144
0.834196
0.834248
0.834299
0.834351
0.834403
0.834454
0.834506
0.834558
0.834609
0.834661
0.834712
0.834764
0.834815
0.834867
0.834918
0.834969
0.835021
0.835072
0.835123
0.835175
0.835226
0.835277
0.835328
0.835380
0.835431
0.835482
0.835533
0.835584
0.835635
0.835686
0.835737
0.835788
0.835839
0.835890
0.835941
0.835992
0.836043
0.836094
0.836144
0.836195
0.836246
0.836297
0.836347
0.836398
0.836449
0.836499
0.836550
0.836600
0.836651
0.836702
0.836752
0.836803
0.836853
0.836903
0.836954
0.837004
0.837055
0.837105
0.837155
0.837205
0.837256
0.837306
0.837356
0.837406
0.837457
0.837507
0.837557
0.837607
0.837657
0.837707
0.837757
0.837807
0.837857
0.837907
0.837957
0.838007
0.838056
0.838106
0.838156
0.838206
0.838256
0.838305
0.838355
0.838405
0.838455
0.838504
0.838554
0.838603
0.838653
0.838703
0.838752
0.838802
0.838851
0.838900
0.838950
0.838999
0.839049
0.839098
0.839147
0.839197
0.839246
0.839295
0.839344
0.839394
0.839443
0.839492
0.839541
0.839590
0.839639
0.839688
0.839738
0.839787
0.839836
0.839885
0.839933
0.839982
0.840031
0.840080
0.840129
0.840178
0.840227
0.840276
0.840324
0.840373
0.840422
0.840470
0.840519
0.840568
0.840616
0.840665
0.840714
0.840762
0.840811
0.840859
0.840908
0.840956
0.841005
0.841053
0.841101
0.841150
0.841198
0.841247
0.841295
0.841343
0.841391
0.841440
0.841488
0.841536
0.841584
0.841632
0.841680
0.841729
0.841777
0.841825
0.841873
0.841921
0.841969
0.842017
0.842065
0.842113
0.842160
0.842208
0.842256
0.842304
0.842352
0.842400
0.842447
0.842495
0.842543
0.842591
0.842638
0.842686
0.842734
0.842781
0.842829
0.842876
0.842924
0.842971
0.843019
0.843066
0.843114
0.843161
0.843209
0.843256
0.843303
0.843351
0.843398
0.843445
0.843493
0.843540
0.843587
0.843634
0.843682
0.843729
0.843776
0.843823
0.843870
0.843917
0.843964
0.844011
0.844058
0.844105
0.844152
0.844199
0.844246
0.844293
0.844340
0.844387
0.844434
0.844480
0.844527
0.844574
0.844621
0.844668
0.844714
0.844761
0.844808
0.844854
0.844901
0.844948
0.844994
0.845041
0.845087
0.845134
0.845180
0.845227
0.845273
0.845320
0.845366
0.845412
0.845459
0.845505
0.845552
0.845598
0.845644
0.845690
0.845737
0.845783
0.845829
0.845875
0.845921
0.845968
0.846014
0.846060
0.846106
0.846152
0.846198
0.846244
0.846290
0.846336
0.846382
0.846428
0.846474
0.846520
0.846566
0.846611
0.846657
0.846703
0.846749
0.846795
0.846840
0.846886
0.846932
0.846978
0.847023
0.847069
0.847115
0.847160
0.847206
0.847251
0.847297
0.847342
0.847388
0.847433
0.847479
0.847524
0.847570
0.847615
0.847661
0.847706
0.847751
0.847797
0.847842
0.847887
0.847932
0.847978
0.848023
0.848068
0.848113
0.848159
0.848204
0.848249
0.848294
0.848339
0.848384
0.848429
0.848474
0.848519
0.848564
0.848609
0.848654
0.848699
0.848744
0.848789
0.848834
0.848878
0.848923
0.848968
0.849013
0.849058
0.849102
0.849147
0.849192
0.849237
0.849281
0.849326
0.849371
0.849415
0.849460
0.849504
0.849549
0.849593
0.849638
0.849682
0.849727
0.849771
0.849816
0.849860
0.849905
0.849949
0.849993
0.850038
0.850082
0.850126
0.850171
0.850215
0.850259
0.850303
0.850348
0.850392
0.850436
0.850480
0.850524
0.850568
0.850612
0.850657
0.850701
0.850745
0.850789
0.850833
0.850877
0.850921
0.850965
0.851009
0.851052
0.851096
0.851140
0.851184
0.851228
0.851272
0.851315
0.851359
0.851403
0.851447
0.851490
0.851534
0.851578
0.851621
0.851665
0.851709
0.851752
0.851796
0.851840
0.851883
0.851927
0.851970
0.852014
0.852057
0.852101
0.852144
0.852187
0.852231
0.852274
0.852318
0.852361
0.852404
0.852448
0.852491
0.852534
0.852577
0.852621
0.852664
0.852707
0.852750
0.852793
0.852837
0.852880
0.852923
0.852966
0.853009
0.853052
0.853095
0.853138
0.853181
0.853224
0.853267
0.853310
0.853353
0.853396
0.853439
0.853482
0.853524
0.853567
0.853610
0.853653
0.853696
0.853738
0.853781
0.853824
0.853867
0.853909
0.853952
0.853995
0.854037
0.854080
0.854122
0.854165
0.854208
0.854250
0.854293
0.854335
0.854378
0.854420
0.854463
0.854505
0.854548
0.854590
0.854632
0.854675
0.854717
0.854759
0.854802
0.854844
0.854886
0.854929
0.854971
0.855013
0.855055
0.855098
0.855140
0.855182
0.855224
0.855266
0.855308
0.855350
0.855392
0.855435
0.855477
0.855519
0.855561
0.855603
0.855645
0.855687
0.855729
0.855770
0.855812
0.855854
0.855896
0.855938
0.855980
0.856022
0.856063
0.856105
0.856147
0.856189
0.856230
0.856272
0.856314
0.856356
0.856397
0.856439
0.856481
0.856522
0.856564
0.856605
0.856647
0.856688
0.856730
0.856771
0.856813
0.856854
0.856896
0.856937
0.856979
0.857020
0.857062
0.857103
0.857144
0.857186
0.857227
0.857268
0.857310
0.857351
0.857392
0.857433
0.857475
0.857516
0.857557
0.857598
0.857639
0.857681
0.857722
0.857763
0.857804
0.857845
0.857886
0.857927
0.857968
0.858009
0.858050
0.858091
0.858132
0.858173
0.858214
0.858255
0.858296
0.858337
0.858378
0.858418
0.858459
0.858500
0.858541
0.858582
0.858622
0.858663
0.858704
0.858745
0.858785
0.858826
0.858867
0.858907
0.858948
0.858989
0.859029
0.859070
0.859110
0.859151
0.859192
0.859232
0.859273
0.859313
0.859354
0.859394
0.859434
0.859475
0.859515
0.859556
0.859596
0.859636
0.859677
0.859717
0.859757
0.859798
0.859838
0.859878
0.859919
0.859959
0.859999
0.860039
0.860079
0.860120
0.860160
0.860200
0.860240
0.860280
0.860320
0.860360
0.860400
0.860440
0.860481
0.860521
0.860561
0.860601
0.860640
0.860680
0.860720
0.860760
0.860800
0.860840
0.860880
0.860920
0.860960
0.861000
0.861039
0.861079
0.861119
0.861159
0.861198
0.861238
0.861278
0.861318
0.861357
0.861397
0.861437
0.861476
0.861516
0.861556
0.861595
0.861635
0.861674
0.861714
0.861753
0.861793
0.861832
0.861872
0.861911
0.861951
0.861990
0.862030
0.862069
0.862109
0.862148
0.862187
0.862227
0.862266
0.862305
0.862345
0.862384
0.862423
0.862463
0.862502
0.862541
0.862580
0.862619
0.862659
0.862698
0.862737
0.862776
0.862815
0.862854
0.862893
0.862933
0.862972
0.863011
0.863050
0.863089
0.863128
0.863167
0.863206
0.863245
0.863284
0.863323
0.863362
0.863400
0.863439
0.863478
0.863517
0.863556
0.863595
0.863634
0.863672
0.863711
0.863750
0.863789
0.863827
0.863866
0.863905
0.863944
0.863982
0.864021
0.864060
0.864098
0.864137
0.864175
0.864214
0.864253
0.864291
0.864330
0.864368
0.864407
0.864445
0.864484
0.864522
0.864561
0.864599
0.864638
0.864676
0.864715
0.864753
0.864791
0.864830
0.864868
0.864906
0.864945
0.864983
0.865021
0.865060
0.865098
0.865136
0.865174
0.865213
0.865251
0.865289
0.865327
0.865365
0.865403
0.865442
0.865480
0.865518
0.865556
0.865594
0.865632
0.865670
0.865708
0.865746
0.865784
0.865822
0.865860
0.865898
0.865936
0.865974
0.866012
0.866050
0.866088
0.866126
0.866163
0.866201
0.866239
0.866277
0.866315
0.866353
0.866390
0.866428
0.866466
0.866504
0.866541
0.866579
0.866617
0.866655
0.866692
0.866730
0.866767
0.866805
0.866843
0.866880
0.866918
0.866956
0.866993
0.867031
0.867068
0.867106
0.867143
0.867181
0.867218
0.867256
0.867293
0.867331
0.867368
0.867405
0.867443
0.867480
0.867518
0.867555
0.867592
0.867630
0.867667
0.867704
0.867741
0.867779
0.867816
0.867853
0.867890
0.867928
0.867965
0.868002
0.868039
0.868076
0.868114
0.868151
0.868188
0.868225
0.868262
0.868299
0.868336
0.868373
0.868410
0.868447
0.868484
0.868521
0.868558
0.868595
0.868632
0.868669
0.868706
0.868743
0.868780
0.868817
0.868854
0.868891
0.868928
0.868964
0.869001
0.869038
0.869075
0.869112
0.869148
0.869185
0.869222
0.869259
0.869295
0.869332
0.869369
0.869405
0.869442
0.869479
0.869515
0.869552
0.869589
0.869625
0.869662
0.869698
0.869735
0.869772
0.869808
0.869845
0.869881
0.869918
0.869954
0.869991
0.870027
0.870064
0.870100
0.870136
0.870173
0.870209
0.870246
0.870282
0.870318
0.870355
0.870391
0.870427
0.870464
0.870500
0.870536
0.870573
0.870609
0.870645
0.870681
0.870717
0.870754
0.870790
0.870826
0.870862
0.870898
0.870935
0.870971
0.871007
0.871043
0.871079
0.871115
0.871151
0.871187
0.871223
0.871259
0.871295
0.871331
0.871367
0.871403
0.871439
0.871475
0.871511
0.871547
0.871583
0.871619
0.871655
0.871691
0.871726
0.871762
0.871798
0.871834
0.871870
0.871906
0.871941
0.871977
0.872013
0.872049
0.872084
0.872120
0.872156
0.872191
0.872227
0.872263
0.872298
0.872334
0.872370
0.872405
0.872441
0.872477
0.872512
0.872548
0.872583
0.872619
0.872654
0.872690
0.872725
0.872761
0.872796
0.872832
0.872867
0.872903
0.872938
0.872974
0.873009
0.873045
0.873080
0.873115
0.873151
0.873186
0.873221
0.873257
0.873292
0.873327
0.873363
0.873398
0.873433
0.873468
0.873504
0.873539
0.873574
0.873609
0.873644
0.873680
0.873715
0.873750
0.873785
0.873820
0.873855
0.873890
0.873926
0.873961
0.873996
0.874031
0.874066
0.874101
0.874136
0.874171
0.874206
0.874241
0.874276
0.874311
0.874346
0.874381
0.874416
0.874451
0.874486
0.874520
0.874555
0.874590
0.874625
0.874660
0.874695
0.874730
0.874764
0.874799
0.874834
0.874869
0.874903
0.874938
0.874973
0.875008
0.875042
0.875077
0.875112
0.875146
0.875181
0.875216
0.875250
0.875285
0.875320
0.875354
0.875389
0.875424
0.875458
0.875493
0.875527
0.875562
0.875596
0.875631
0.875665
0.875700
0.875734
0.875769
0.875803
0.875838
0.875872
0.875906
0.875941
0.875975
0.876010
0.876044
0.876078
0.876113
0.876147
0.876181
0.876216
0.876250
0.876284
0.876319
0.876353
0.876387
0.876421
0.876456
0.876490
0.876524
0.876558
0.876593
0.876627
0.876661
0.876695
0.876729
0.876763
0.876797
0.876832
0.876866
0.876900
0.876934
0.876968
0.877002
0.877036
0.877070
0.877104
0.877138
0.877172
0.877206
0.877240
0.877274
0.877308
0.877342
0.877376
0.877410
0.877444
0.877478
0.877511
0.877545
0.877579
0.877613
0.877647
0.877681
0.877715
0.877748
0.877782
0.877816
0.877850
0.877883
0.877917
0.877951
0.877985
0.878018
0.878052
0.878086
0.878120
0.878153
0.878187
0.878221
0.878254
0.878288
0.878321
0.878355
0.878389
0.878422
0.878456
0.878489
0.878523
0.878556
0.878590
0.878623
0.878657
0.878691
0.878724
0.878757
0.878791
0.878824
0.878858
0.878891
0.878925
0.878958
0.878991
0.879025
0.879058
0.879092
0.879125
0.879158
0.879192
0.879225
0.879258
0.879292
0.879325
0.879358
0.879391
0.879425
0.879458
0.879491
0.879524
0.879558
0.879591
0.879624
0.879657
0.879690
0.879724
0.879757
0.879790
0.879823
0.879856
0.879889
0.879922
0.879955
0.879988
0.880022
0.880055
0.880088
0.880121
0.880154
0.880187
0.880220
0.880253
0.880286
0.880319
0.880352
0.880385
0.880417
0.880450
0.880483
0.880516
0.880549
0.880582
0.880615
0.880648
0.880681
0.880713
0.880746
0.880779
0.880812
0.880845
0.880877
0.880910
0.880943
0.880976
0.881009
0.881041
0.881074
0.881107
0.881139
0.881172
0.881205
0.881237
0.881270
0.881303
0.881335
0.881368
0.881401
0.881433
0.881466
0.881498
0.881531
0.881564
0.881596
0.881629
0.881661
0.881694
0.881726
0.881759
0.881791
0.881824
0.881856
0.881889
0.881921
0.881954
0.881986
0.882018
0.882051
0.882083
0.882116
0.882148
0.882180
0.882213
0.882245
0.882278
0.882310
0.882342
0.882374
0.882407
0.882439
0.882471
0.882504
0.882536
0.882568
0.882600
0.882633
0.882665
0.882697
0.882729
0.882761
0.882794
0.882826
0.882858
0.882890
0.882922
0.882954
0.882986
0.883019
0.883051
0.883083
0.883115
0.883147
0.883179
0.883211
0.883243
0.883275
0.883307
0.883339
0.883371
0.883403
0.883435
0.883467
0.883499
0.883531
0.883563
0.883595
0.883627
0.883659
0.883691
0.883722
0.883754
0.883786
0.883818
0.883850
0.883882
0.883914
0.883945
0.883977
0.884009
0.884041
0.884073
0.884104
0.884136
0.884168
0.884200
0.884231
0.884263
0.884295
0.884326
0.884358
0.884390
0.884421
0.884453
0.884485
0.884516
0.884548
0.884580
0.884611
0.884643
0.884674
0.884706
0.884738
0.884769
0.884801
0.884832
0.884864
0.884895
0.884927
0.884958
0.884990
0.885021
0.885053
0.885084
0.885116
0.885147
0.885179
0.885210
0.885241
0.885273
0.885304
0.885336
0.885367
0.885398
0.885430
0.885461
0.885492
0.885524
0.885555
0.885586
0.885618
0.885649
0.885680
0.885712
0.885743
0.885774
0.885805
0.885837
0.885868
0.885899
0.885930
0.885961
0.885993
0.886024
0.886055
0.886086
0.886117
0.886148
0.886180
0.886211
0.886242
0.886273
0.886304
0.886335
0.886366
0.886397
0.886428
0.886459
0.886490
0.886521
0.886552
0.886583
0.886614
0.886645
0.886676
0.886707
0.886738
0.886769
0.886800
0.886831
0.886862
0.886893
0.886924
0.886955
0.886986
0.887017
0.887047
0.887078
0.887109
0.887140
0.887171
0.887202
0.887232
0.887263
0.887294
0.887325
0.887356
0.887386
0.887417
0.887448
0.887479
0.887509
0.887540
0.887571
0.887601
0.887632
0.887663
0.887693
0.887724
0.887755
0.887785
0.887816
0.887847
0.887877
0.887908
0.887938
0.887969
0.888000
0.888030
0.888061
0.888091
0.888122
0.888152
0.888183
0.888213
0.888244
0.888274
0.888305
0.888335
0.888366
0.888396
0.888427
0.888457
0.888488
0.888518
0.888549
0.888579
0.888609
0.888640
0.888670
0.888700
0.888731
0.888761
0.888792
0.888822
0.888852
0.888883
0.888913
0.888943
0.888973
0.889004
0.889034
0.889064
0.889095
0.889125
0.889155
0.889185
0.889215
0.889246
0.889276
0.889306
0.889336
0.889366
0.889397
0.889427
0.889457
0.889487
0.889517
0.889547
0.889577
0.889607
0.889638
0.889668
0.889698
0.889728
0.889758
0.889788
0.889818
0.889848
0.889878
0.889908
0.889938
0.889968
0.889998
0.890028
0.890058
0.890088
0.890118
0.890148
0.890178
0.890208
0.890238
0.890268
0.890297
0.890327
0.890357
0.890387
0.890417
0.890447
0.890477
0.890506
0.890536
0.890566
0.890596
0.890626
0.890656
0.890685
0.890715
0.890745
0.890775
0.890804
0.890834
0.890864
0.890894
0.890923
0.890953
0.890983
0.891012
0.891042
0.891072
0.891101
0.891131
0.891161
0.891190
0.891220
0.891250
0.891279
0.891309
0.891338
0.891368
0.891398
0.891427
0.891457
0.891486
0.891516
0.891545
0.891575
0.891604
0.891634
0.891663
0.891693
0.891722
0.891752
0.891781
0.891811
0.891840
0.891870
0.891899
0.891929
0.891958
0.891987
0.892017
0.892046
0.892076
0.892105
0.892134
0.892164
0.892193
0.892222
0.892252
0.892281
0.892310
0.892340
0.892369
0.892398
0.892428
0.892457
0.892486
0.892515
0.892545
0.892574
0.892603
0.892632
0.892662
0.892691
0.892720
0.892749
0.892778
0.892807
0.892837
0.892866
0.892895
0.892924
0.892953
0.892982
0.893011
0.893041
0.893070
0.893099
0.893128
0.893157
0.893186
0.893215
0.893244
0.893273
0.893302
0.893331
0.893360
0.893389
0.893418
0.893447
0.893476
0.893505
0.893534
0.893563
0.893592
0.893621
0.893650
0.893679
0.893708
0.893737
0.893766
0.893795
0.893823
0.893852
0.893881
0.893910
0.893939
0.893968
0.893997
0.894025
0.894054
0.894083
0.894112
0.894141
0.894169
0.894198
0.894227
0.894256
0.894284
0.894313
0.894342
0.894371
0.894399
0.894428
0.894457
0.894486
0.894514
0.894543
0.894572
0.894600
0.894629
0.894658
0.894686
0.894715
0.894743
0.894772
0.894801
0.894829
0.894858
0.894886
0.894915
0.894944
0.894972
0.895001
0.895029
0.895058
0.895086
0.895115
0.895143
0.895172
0.895200
0.895229
0.895257
0.895286
0.895314
0.895343
0.895371
0.895400
0.895428
0.895457
0.895485
0.895513
0.895542
0.895570
0.895599
0.895627
0.895655
0.895684
0.895712
0.895740
0.895769
0.895797
0.895825
0.895854
0.895882
0.895910
0.895939
0.895967
0.895995
0.896023
0.896052
0.896080
0.896108
0.896136
0.896165
0.896193
0.896221
0.896249
0.896278
0.896306
0.896334
0.896362
0.896390
0.896418
0.896447
0.896475
0.896503
0.896531
0.896559
0.896587
0.896615
0.896643
0.896672
0.896700
0.896728
0.896756
0.896784
0.896812
0.896840
0.896868
0.896896
0.896924
0.896952
0.896980
0.897008
0.897036
0.897064
0.897092
0.897120
0.897148
0.897176
0.897204
0.897232
0.897260
0.897288
0.897316
0.897343
0.897371
0.897399
0.897427
0.897455
0.897483
0.897511
0.897539
0.897566
0.897594
0.897622
0.897650
0.897678
0.897706
0.897733
0.897761
0.897789
0.897817
0.897844
0.897872
0.897900
0.897928
0.897955
0.897983
0.898011
0.898039
0.898066
0.898094
0.898122
0.898149
0.898177
0.898205
0.898232
0.898260
0.898288
0.898315
0.898343
0.898371
0.898398
0.898426
0.898454
0.898481
0.898509
0.898536
0.898564
0.898591
0.898619
0.898647
0.898674
0.898702
0.898729
0.898757
0.898784
0.898812
0.898839
0.898867
0.898894
0.898922
0.898949
0.898977
0.899004
0.899032
0.899059
0.899086
0.899114
0.899141
0.899169
0.899196
0.899223
0.899251
0.899278
0.899306
0.899333
0.899360
0.899388
0.899415
0.899442
0.899470
0.899497
0.899524
0.899552
0.899579
0.899606
0.899634
0.899661
0.899688
0.899715
0.899743
0.899770
0.899797
0.899824
0.899852
0.899879
0.899906
0.899933
0.899960
0.899988
0.900015
0.900042
0.900069
0.900096
0.900124
0.900151
0.900178
0.900205
0.900232
0.900259
0.900286
0.900313
0.900341
0.900368
0.900395
0.900422
0.900449
0.900476
0.900503
0.900530
0.900557
0.900584
0.900611
0.900638
0.900665
0.900692
0.900719
0.900746
0.900773
0.900800
0.900827
0.900854
0.900881
0.900908
0.900935
0.900962
0.900989
0.901016
0.901043
0.901070
0.901096
0.901123
0.901150
0.901177
0.901204
0.901231
0.901258
0.901285
0.901311
0.901338
0.901365
0.901392
0.901419
0.901446
0.901472
0.901499
0.901526
0.901553
0.901579
0.901606
0.901633
0.901660
0.901687
0.901713
0.901740
0.901767
0.901793
0.901820
0.901847
0.901874
0.901900
0.901927
0.901954
0.901980
0.902007
0.902034
0.902060
0.902087
0.902113
0.902140
0.902167
0.902193
0.902220
0.902247
0.902273
0.902300
0.902326
0.902353
0.902379
0.902406
0.902433
0.902459
0.902486
0.902512
0.902539
0.902565
0.902592
0.902618
0.902645
0.902671
0.902698
0.902724
0.902751
0.902777
0.902804
0.902830
0.902856
0.902883
0.902909
0.902936
0.902962
0.902989
0.903015
0.903041
0.903068
0.903094
0.903120
0.903147
0.903173
0.903200
0.903226
0.903252
0.903279
0.903305
0.903331
0.903358
0.903384
0.903410
0.903436
0.903463
0.903489
0.903515
0.903542
0.903568
0.903594
0.903620
0.903647
0.903673
0.903699
0.903725
0.903751
0.903778
0.903804
0.903830
0.903856
0.903882
0.903909
0.903935
0.903961
0.903987
0.904013
0.904039
0.904065
0.904092
0.904118
0.904144
0.904170
0.904196
0.904222
0.904248
0.904274
0.904300
0.904326
0.904352
0.904378
0.904405
0.904431
0.904457
0.904483
0.904509
0.904535
0.904561
0.904587
0.904613
0.904639
0.904665
0.904691
0.904717
0.904742
0.904768
0.904794
0.904820
0.904846
0.904872
0.904898
0.904924
0.904950
0.904976
0.905002
0.905028
0.905053
0.905079
0.905105
0.905131
0.905157
0.905183
0.905209
0.905234
0.905260
0.905286
0.905312
0.905338
0.905363
0.905389
0.905415
0.905441
0.905467
0.905492
0.905518
0.905544
0.905570
0.905595
0.905621
0.905647
0.905673
0.905698
0.905724
0.905750
0.905775
0.905801
0.905827
0.905852
0.905878
0.905904
0.905929
0.905955
0.905981
0.906006
0.906032
0.906058
0.906083
0.906109
0.906134
0.906160
0.906186
0.906211
0.906237
0.906262
0.906288
0.906314
0.906339
0.906365
0.906390
0.906416
0.906441
0.906467
0.906492
0.906518
0.906543
0.906569
0.906594
0.906620
0.906645
0.906671
0.906696
0.906722
0.906747
0.906773
0.906798
0.906823
0.906849
0.906874
0.906900
0.906925
0.906951
0.906976
0.907001
0.907027
0.907052
0.907077
0.907103
0.907128
0.907154
0.907179
0.907204
0.907230
0.907255
0.907280
0.907306
0.907331
0.907356
0.907381
0.907407
0.907432
0.907457
0.907483
0.907508
0.907533
0.907558
0.907584
0.907609
0.907634
0.907659
0.907684
0.907710
0.907735
0.907760
0.907785
0.907810
0.907836
0.907861
0.907886
0.907911
0.907936
0.907962
0.907987
0.908012
0.908037
0.908062
0.908087
0.908112
0.908137
0.908163
0.908188
0.908213
0.908238
0.908263
0.908288
0.908313
0.908338
0.908363
0.908388
0.908413
0.908438
0.908463
0.908488
0.908513
0.908538
0.908563
0.908588
0.908613
0.908638
0.908663
0.908688
0.908713
0.908738
0.908763
0.908788
0.908813
0.908838
0.908863
0.908888
0.908913
0.908938
0.908963
0.908987
0.909012
0.909037
0.909062
0.909087
0.909112
0.909137
0.909162
0.909186
0.909211
0.909236
0.909261
0.909286
0.909311
0.909335
0.909360
0.909385
0.909410
0.909435
0.909459
0.909484
0.909509
0.909534
0.909559
0.909583
0.909608
0.909633
0.909658
0.909682
0.909707
0.909732
0.909756
0.909781
0.909806
0.909831
0.909855
0.909880
0.909905
0.909929
0.909954
0.909979
0.910003
0.910028
0.910053
0.910077
0.910102
0.910126
0.910151
0.910176
0.910200
0.910225
0.910249
0.910274
0.910299
0.910323
0.910348
0.910372
0.910397
0.910421
0.910446
0.910471
0.910495
0.910520
0.910544
0.910569
0.910593
0.910618
0.910642
0.910667
0.910691
0.910716
0.910740
0.910765
0.910789
0.910814
0.910838
0.910862
0.910887
0.910911
0.910936
0.910960
0.910985
0.911009
0.911033
0.911058
0.911082
0.911107
0.911131
0.911155
0.911180
0.911204
0.911228
0.911253
0.911277
0.911301
0.911326
0.911350
0.911374
0.911399
0.911423
0.911447
0.911472
0.911496
0.911520
0.911545
0.911569
0.911593
0.911617
0.911642
0.911666
0.911690
0.911714
0.911739
0.911763
0.911787
0.911811
0.911836
0.911860
0.911884
0.911908
0.911932
0.911957
0.911981
0.912005
0.912029
0.912053
0.912077
0.912102
0.912126
0.912150
0.912174
0.912198
0.912222
0.912246
0.912271
0.912295
0.912319
0.912343
0.912367
0.912391
0.912415
0.912439
0.912463
0.912487
0.912511
0.912535
0.912559
0.912583
0.912608
0.912632
0.912656
0.912680
0.912704
0.912728
0.912752
0.912776
0.912800
0.912824
0.912848
0.912872
0.912895
0.912919
0.912943
0.912967
0.912991
0.913015
0.913039
0.913063
0.913087
0.913111
0.913135
0.913159
0.913183
0.913207
0.913230
0.913254
0.913278
0.913302
0.913326
0.913350
0.913374
0.913397
0.913421
0.913445
0.913469
0.913493
0.913517
0.913540
0.913564
0.913588
0.913612
0.913636
0.913659
0.913683
0.913707
0.913731
0.913755
0.913778
0.913802
0.913826
0.913850
0.913873
0.913897
0.913921
0.913944
0.913968
0.913992
0.914016
0.914039
0.914063
0.914087
0.914110
0.914134
0.914158
0.914181
0.914205
0.914229
0.914252
0.914276
0.914300
0.914323
0.914347
0.914371
0.914394
0.914418
0.914441
0.914465
0.914489
0.914512
0.914536
0.914559
0.914583
0.914606
0.914630
0.914654
0.914677
0.914701
0.914724
0.914748
0.914771
0.914795
0.914818
0.914842
0.914865
0.914889
0.914912
0.914936
0.914959
0.914983
0.915006
0.915030
0.915053
0.915077
0.915100
0.915124
0.915147
0.915171
0.915194
0.915217
0.915241
0.915264
0.915288
0.915311
0.915334
0.915358
0.915381
0.915405
0.915428
0.915451
0.915475
0.915498
0.915521
0.915545
0.915568
0.915591
0.915615
0.915638
0.915661
0.915685
0.915708
0.915731
0.915755
0.915778
0.915801
0.915825
0.915848
0.915871
0.915894
0.915918
0.915941
0.915964
0.915987
0.916011
0.916034
0.916057
0.916080
0.916104
0.916127
0.916150
0.916173
0.916197
0.916220
0.916243
0.916266
0.916289
0.916312
0.916336
0.916359
0.916382
0.916405
0.916428
0.916451
0.916475
0.916498
0.916521
0.916544
0.916567
0.916590
0.916613
0.916636
0.916660
0.916683
0.916706
0.916729
0.916752
0.916775
0.916798
0.916821
0.916844
0.916867
0.916890
0.916913
0.916936
0.916959
0.916982
0.917005
0.917028
0.917051
0.917074
0.917097
0.917120
0.917143
0.917166
0.917189
0.917212
0.917235
0.917258
0.917281
0.917304
0.917327
0.917350
0.917373
0.917396
0.917419
0.917442
0.917465
0.917488
0.917511
0.917533
0.917556
0.917579
0.917602
0.917625
0.917648
0.917671
0.917694
0.917716
0.917739
0.917762
0.917785
0.917808
0.917831
0.917854
0.917876
0.917899
0.917922
0.917945
0.917968
0.917990
0.918013
0.918036
0.918059
0.918082
0.918104
0.918127
0.918150
0.918173
0.918195
0.918218
0.918241
0.918264
0.918286
0.918309
0.918332
0.918355
0.918377
0.918400
0.918423
0.918445
0.918468
0.918491
0.918513
0.918536
0.918559
0.918581
0.918604
0.918627
0.918649
0.918672
0.918695
0.918717
0.918740
0.918763
0.918785
0.918808
0.918831
0.918853
0.918876
0.918898
0.918921
0.918944
0.918966
0.918989
0.919011
0.919034
0.919056
0.919079
0.919101
0.919124
0.919147
0.919169
0.919192
0.919214
0.919237
0.919259
0.919282
0.919304
0.919327
0.919349
0.919372
0.919394
0.919417
0.919439
0.919462
0.919484
0.919507
0.919529
0.919552
0.919574
0.919596
0.919619
0.919641
0.919664
0.919686
0.919709
0.919731
0.919753
0.919776
0.919798
0.919821
0.919843
0.919865
0.919888
0.919910
0.919933
0.919955
0.919977
0.920000
0.920022
0.920044
0.920067
0.920089
0.920111
0.920134
0.920156
0.920178
0.920201
0.920223
0.920245
0.920267
0.920290
0.920312
0.920334
0.920357
0.920379
0.920401
0.920423
0.920446
0.920468
0.920490
0.920512
0.920535
0.920557
0.920579
0.920601
0.920624
0.920646
0.920668
0.920690
0.920712
0.920735
0.920757
0.920779
0.920801
0.920823
0.920846
0.920868
0.920890
0.920912
0.920934
0.920956
0.920978
0.921001
0.921023
0.921045
0.921067
0.921089
0.921111
0.921133
0.921155
0.921178
0.921200
0.921222
0.921244
0.921266
0.921288
0.921310
0.921332
0.921354
0.921376
0.921398
0.921420
0.921442
0.921464
0.921486
0.921508
0.921531
0.921553
0.921575
0.921597
0.921619
0.921641
0.921663
0.921685
0.921707
0.921729
0.921750
0.921772
0.921794
0.921816
0.921838
0.921860
0.921882
0.921904
0.921926
0.921948
0.921970
0.921992
0.922014
0.922036
0.922058
0.922080
0.922101
0.922123
0.922145
0.922167
0.922189
0.922211
0.922233
0.922255
0.922277
0.922298
0.922320
0.922342
0.922364
0.922386
0.922408
0.922429
0.922451
0.922473
0.922495
0.922517
0.922539
0.922560
0.922582
0.922604
0.922626
0.922647
0.922669
0.922691
0.922713
0.922735
0.922756
0.922778
0.922800
0.922822
0.922843
0.922865
0.922887
0.922909
0.922930
0.922952
0.922974
0.922995
0.923017
0.923039
0.923061
0.923082
0.923104
0.923126
0.923147
0.923169
0.923191
0.923212
0.923234
0.923256
0.923277
0.923299
0.923321
0.923342
0.923364
0.923385
0.923407
0.923429
0.923450
0.923472
0.923493
0.923515
0.923537
0.923558
0.923580
0.923601
0.923623
0.923645
0.923666
0.923688
0.923709
0.923731
0.923752
0.923774
0.923795
0.923817
0.923839
0.923860
0.923882
0.923903
0.923925
0.923946
0.923968
0.923989
0.924011
0.924032
0.924054
0.924075
0.924097
0.924118
0.924140
0.924161
0.924182
0.924204
0.924225
0.924247
0.924268
0.924290
0.924311
0.924333
0.924354
0.924375
0.924397
0.924418
0.924440
0.924461
0.924482
0.924504
0.924525
0.924547
0.924568
0.924589
0.924611
0.924632
0.924653
0.924675
0.924696
0.924717
0.924739
0.924760
0.924781
0.924803
0.924824
0.924845
0.924867
0.924888
0.924909
0.924931
0.924952
0.924973
0.924995
0.925016
0.925037
0.925058
0.925080
0.925101
0.925122
0.925144
0.925165
0.925186
0.925207
0.925228
0.925250
0.925271
0.925292
0.925313
0.925335
0.925356
0.925377
0.925398
0.925419
0.925441
0.925462
0.925483
0.925504
0.925525
0.925547
0.925568
0.925589
0.925610
0.925631
0.925652
0.925674
0.925695
0.925716
0.925737
0.925758
0.925779
0.925800
0.925821
0.925843
0.925864
0.925885
0.925906
0.925927
0.925948
0.925969
0.925990
0.926011
0.926032
0.926053
0.926075
0.926096
0.926117
0.926138
0.926159
0.926180
0.926201
0.926222
0.926243
0.926264
0.926285
0.926306
0.926327
0.926348
0.926369
0.926390
0.926411
0.926432
0.926453
0.926474
0.926495
0.926516
0.926537
0.926558
0.926579
0.926600
0.926621
0.926642
0.926663
0.926684
0.926705
0.926725
0.926746
0.926767
0.926788
0.926809
0.926830
0.926851
0.926872
0.926893
0.926914
0.926935
0.926955
0.926976
0.926997
0.927018
0.927039
0.927060
0.927081
0.927101
0.927122
0.927143
0.927164
0.927185
0.927206
0.927227
0.927247
0.927268
0.927289
0.927310
0.927331
0.927351
0.927372
0.927393
0.927414
0.927435
0.927455
0.927476
0.927497
0.927518
0.927538
0.927559
0.927580
0.927601
0.927621
0.927642
0.927663
0.927684
0.927704
0.927725
0.927746
0.927767
0.927787
0.927808
0.927829
0.927849
0.927870
0.927891
0.927912
0.927932
0.927953
0.927974
0.927994
0.928015
0.928036
0.928056
0.928077
0.928098
0.928118
0.928139
0.928160
0.928180
0.928201
0.928221
0.928242
0.928263
0.928283
0.928304
0.928324
0.928345
0.928366
0.928386
0.928407
0.928427
0.928448
0.928469
0.928489
0.928510
0.928530
0.928551
0.928571
0.928592
0.928613
0.928633
0.928654
0.928674
0.928695
0.928715
0.928736
0.928756
0.928777
0.928797
0.928818
0.928838
0.928859
0.928879
0.928900
0.928920
0.928941
0.928961
0.928982
0.929002
0.929023
0.929043
0.929064
0.929084
0.929104
0.929125
0.929145
0.929166
0.929186
0.929207
0.929227
0.929248
0.929268
0.929288
0.929309
0.929329
0.929350
0.929370
0.929390
0.929411
0.929431
0.929452
0.929472
0.929492
0.929513
0.929533
0.929553
0.929574
0.929594
0.929614
0.929635
0.929655
0.929675
0.929696
0.929716
0.929736
0.929757
0.929777
0.929797
0.929818
0.929838
0.929858
0.929879
0.929899
0.929919
0.929939
0.929960
0.929980
0.930000
0.930021
0.930041
0.930061
0.930081
0.930102
0.930122
0.930142
0.930162
0.930183
0.930203
0.930223
0.930243
0.930263
0.930284
0.930304
0.930324
0.930344
0.930364
0.930385
0.930405
0.930425
0.930445
0.930465
0.930486
0.930506
0.930526
0.930546
0.930566
0.930586
0.930607
0.930627
0.930647
0.930667
0.930687
0.930707
0.930727
0.930748
0.930768
0.930788
0.930808
0.930828
0.930848
0.930868
0.930888
0.930908
0.930928
0.930949
0.930969
0.930989
0.931009
0.931029
0.931049
0.931069
0.931089
0.931109
0.931129
0.931149
0.931169
0.931189
0.931209
0.931229
0.931249
0.931269
0.931289
0.931309
0.931329
0.931349
0.931369
0.931389
0.931409
0.931429
0.931449
0.931469
0.931489
0.931509
0.931529
0.931549
0.931569
0.931589
0.931609
0.931629
0.931649
0.931669
0.931689
0.931709
0.931729
0.931749
0.931769
0.931789
0.931808
0.931828
0.931848
0.931868
0.931888
0.931908
0.931928
0.931948
0.931968
0.931988
0.932007
0.932027
0.932047
0.932067
0.932087
0.932107
0.932127
0.932146
0.932166
0.932186
0.932206
0.932226
0.932246
0.932265
0.932285
0.932305
0.932325
0.932345
0.932365
0.932384
0.932404
0.932424
0.932444
0.932464
0.932483
0.932503
0.932523
0.932543
0.932562
0.932582
0.932602
0.932622
0.932641
0.932661
0.932681
0.932701
0.932720
0.932740
0.932760
0.932780
0.932799
0.932819
0.932839
0.932858
0.932878
0.932898
0.932918
0.932937
0.932957
0.932977
0.932996
0.933016
0.933036
0.933055
0.933075
0.933095
0.933114
0.933134
0.933154
0.933173
0.933193
0.933213
0.933232
0.933252
0.933272
0.933291
0.933311
0.933330
0.933350
0.933370
0.933389
0.933409
0.933429
0.933448
0.933468
0.933487
0.933507
0.933526
0.933546
0.933566
0.933585
0.933605
0.933624
0.933644
0.933663
0.933683
0.933703
0.933722
0.933742
0.933761
0.933781
0.933800
0.933820
0.933839
0.933859
0.933878
0.933898
0.933917
0.933937
0.933956
0.933976
0.933995
0.934015
0.934034
0.934054
0.934073
0.934093
0.934112
0.934132
0.934151
0.934171
0.934190
0.934210
0.934229
0.934248
0.934268
0.934287
0.934307
0.934326
0.934346
0.934365
0.934384
0.934404
0.934423
0.934443
0.934462
0.934482
0.934501
0.934520
0.934540
0.934559
0.934578
0.934598
0.934617
0.934637
0.934656
0.934675
0.934695
0.934714
0.934733
0.934753
0.934772
0.934791
0.934811
0.934830
0.934849
0.934869
0.934888
0.934907
0.934927
0.934946
0.934965
0.934985
0.935004
0.935023
0.935043
0.935062
0.935081
0.935100
0.935120
0.935139
0.935158
0.935178
0.935197
0.935216
0.935235
0.935255
0.935274
0.935293
0.935312
0.935332
0.935351
0.935370
0.935389
0.935408
0.935428
0.935447
0.935466
0.935485
0.935505
0.935524
0.935543
0.935562
0.935581
0.935601
0.935620
0.935639
0.935658
0.935677
0.935696
0.935716
0.935735
0.935754
0.935773
0.935792
0.935811
0.935831
0.935850
0.935869
0.935888
0.935907
0.935926
0.935945
0.935965
0.935984
0.936003
0.936022
0.936041
0.936060
0.936079
0.936098
0.936117
0.936136
0.936156
0.936175
0.936194
0.936213
0.936232
0.936251
0.936270
0.936289
0.936308
0.936327
0.936346
0.936365
0.936384
0.936403
0.936422
0.936441
0.936460
0.936479
0.936498
0.936517
0.936537
0.936556
0.936575
0.936594
0.936613
0.936632
0.936651
0.936670
0.936689
0.936707
0.936726
0.936745
0.936764
0.936783
0.936802
0.936821
0.936840
0.936859
0.936878
0.936897
0.936916
0.936935
0.936954
0.936973
0.936992
0.937011
0.937030
0.937049
0.937068
0.937086
0.937105
0.937124
0.937143
0.937162
0.937181
0.937200
0.937219
0.937238
0.937256
0.937275
0.937294
0.937313
0.937332
0.937351
0.937370
0.937389
0.937407
0.937426
0.937445
0.937464
0.937483
0.937502
0.937520
0.937539
0.937558
0.937577
0.937596
0.937615
0.937633
0.937652
0.937671
0.937690
0.937709
0.937727
0.937746
0.937765
0.937784
0.937803
0.937821
0.937840
0.937859
0.937878
0.937896
0.937915
0.937934
0.937953
0.937971
0.937990
0.938009
0.938028
0.938046
0.938065
0.938084
0.938103
0.938121
0.938140
0.938159
0.938177
0.938196
0.938215
0.938234
0.938252
0.938271
0.938290
0.938308
0.938327
0.938346
0.938364
0.938383
0.938402
0.938420
0.938439
0.938458
0.938476
0.938495
0.938514
0.938532
0.938551
0.938570
0.938588
0.938607
0.938626
0.938644
0.938663
0.938681
0.938700
0.938719
0.938737
0.938756
0.938774
0.938793
0.938812
0.938830
0.938849
0.938867
0.938886
0.938905
0.938923
0.938942
0.938960
0.938979
0.938997
0.939016
0.939035
0.939053
0.939072
0.939090
0.939109
0.939127
0.939146
0.939164
0.939183
0.939201
0.939220
0.939238
0.939257
0.939275
0.939294
0.939312
0.939331
0.939349
0.939368
0.939386
0.939405
0.939423
0.939442
0.939460
0.939479
0.939497
0.939516
0.939534
0.939553
0.939571
0.939590
0.939608
0.939627
0.939645
0.939663
0.939682
0.939700
0.939719
0.939737
0.939756
0.939774
0.939792
0.939811
0.939829
0.939848
0.939866
0.939885
0.939903
0.939921
0.939940
0.939958
0.939976
0.939995
0.940013
0.940032
0.940050
0.940068
0.940087
0.940105
0.940123
0.940142
0.940160
0.940178
0.940197
0.940215
0.940234
0.940252
0.940270
0.940289
0.940307
0.940325
0.940343
0.940362
0.940380
0.940398
0.940417
0.940435
0.940453
0.940472
0.940490
0.940508
0.940527
0.940545
0.940563
0.940581
0.940600
0.940618
0.940636
0.940654
0.940673
0.940691
0.940709
0.940727
0.940746
0.940764
0.940782
0.940800
0.940819
0.940837
0.940855
0.940873
0.940892
0.940910
0.940928
0.940946
0.940964
0.940983
0.941001
0.941019
0.941037
0.941055
0.941074
0.941092
0.941110
0.941128
0.941146
0.941165
0.941183
0.941201
0.941219
0.941237
0.941255
0.941273
0.941292
0.941310
0.941328
0.941346
0.941364
0.941382
0.941400
0.941419
0.941437
0.941455
0.941473
0.941491
0.941509
0.941527
0.941545
0.941563
0.941582
0.941600
0.941618
0.941636
0.941654
0.941672
0.941690
0.941708
0.941726
0.941744
0.941762
0.941780
0.941799
0.941817
0.941835
0.941853
0.941871
0.941889
0.941907
0.941925
0.941943
0.941961
0.941979
0.941997
0.942015
0.942033
0.942051
0.942069
0.942087
0.942105
0.942123
0.942141
0.942159
0.942177
0.942195
0.942213
0.942231
0.942249
0.942267
0.942285
0.942303
0.942321
0.942339
0.942357
0.942375
0.942393
0.942411
0.942429
0.942447
0.942465
0.942482
0.942500
0.942518
0.942536
0.942554
0.942572
0.942590
0.942608
0.942626
0.942644
0.942662
0.942680
0.942698
0.942715
0.942733
0.942751
0.942769
0.942787
0.942805
0.942823
0.942841
0.942859
0.942876
0.942894
0.942912
0.942930
0.942948
0.942966
0.942984
0.943001
0.943019
0.943037
0.943055
0.943073
0.943091
0.943108
0.943126
0.943144
0.943162
0.943180
0.943198
0.943215
0.943233
0.943251
0.943269
0.943287
0.943304
0.943322
0.943340
0.943358
0.943376
0.943393
0.943411
0.943429
0.943447
0.943464
0.943482
0.943500
0.943518
0.943535
0.943553
0.943571
0.943589
0.943606
0.943624
0.943642
0.943660
0.943677
0.943695
0.943713
0.943731
0.943748
0.943766
0.943784
0.943801
0.943819
0.943837
0.943855
0.943872
0.943890
0.943908
0.943925
0.943943
0.943961
0.943978
0.943996
0.944014
0.944031
0.944049
0.944067
0.944084
0.944102
0.944120
0.944137
0.944155
0.944173
0.944190
0.944208
0.944226
0.944243
0.944261
0.944278
0.944296
0.944314
0.944331
0.944349
0.944367
0.944384
0.944402
0.944419
0.944437
0.944455
0.944472
0.944490
0.944507
0.944525
0.944542
0.944560
0.944578
0.944595
0.944613
0.944630
0.944648
0.944665
0.944683
0.944701
0.944718
0.944736
0.944753
0.944771
0.944788
0.944806
0.944823
0.944841
0.944858
0.944876
0.944893
0.944911
0.944929
0.944946
0.944964
0.944981
0.944999
0.945016
0.945034
0.945051
0.945069
0.945086
0.945104
0.945121
0.945138
0.945156
0.945173
0.945191
0.945208
0.945226
0.945243
0.945261
0.945278
0.945296
0.945313
0.945331
0.945348
0.945365
0.945383
0.945400
0.945418
0.945435
0.945453
0.945470
0.945487
0.945505
0.945522
0.945540
0.945557
0.945575
0.945592
0.945609
0.945627
0.945644
0.945661
0.945679
0.945696
0.945714
0.945731
0.945748
0.945766
0.945783
0.945801
0.945818
0.945835
0.945853
0.945870
0.945887
0.945905
0.945922
0.945939
0.945957
0.945974
0.945991
0.946009
0.946026
0.946043
0.946061
0.946078
0.946095
0.946113
0.946130
0.946147
0.946165
0.946182
0.946199
0.946216
0.946234
0.946251
0.946268
0.946286
0.946303
0.946320
0.946337
0.946355
0.946372
0.946389
0.946407
0.946424
0.946441
0.946458
0.946476
0.946493
0.946510
0.946527
0.946545
0.946562
0.946579
0.946596
0.946613
0.946631
0.946648
0.946665
0.946682
0.946700
0.946717
0.946734
0.946751
0.946768
0.946786
0.946803
0.946820
0.946837
0.946854
0.946872
0.946889
0.946906
0.946923
0.946940
0.946957
0.946975
0.946992
0.947009
0.947026
0.947043
0.947060
0.947078
0.947095
0.947112
0.947129
0.947146
0.947163
0.947180
0.947198
0.947215
0.947232
0.947249
0.947266
0.947283
0.947300
0.947317
0.947334
0.947352
0.947369
0.947386
0.947403
0.947420
0.947437
0.947454
0.947471
0.947488
0.947505
0.947522
0.947540
0.947557
0.947574
0.947591
0.947608
0.947625
0.947642
0.947659
0.947676
0.947693
0.947710
0.947727
0.947744
0.947761
0.947778
0.947795
0.947812
0.947829
0.947846
0.947863
0.947880
0.947897
0.947914
0.947931
0.947948
0.947965
0.947982
0.947999
0.948016
0.948033
0.948050
0.948067
0.948084
0.948101
0.948118
0.948135
0.948152
0.948169
0.948186
0.948203
0.948220
0.948237
0.948254
0.948271
0.948288
0.948305
0.948322
0.948339
0.948356
0.948373
0.948390
0.948407
0.948423
0.948440
0.948457
0.948474
0.948491
0.948508
0.948525
0.948542
0.948559
0.948576
0.948593
0.948609
0.948626
0.948643
0.948660
0.948677
0.948694
0.948711
0.948728
0.948745
0.948761
0.948778
0.948795
0.948812
0.948829
0.948846
0.948863
0.948879
0.948896
0.948913
0.948930
0.948947
0.948964
0.948980
0.948997
0.949014
0.949031
0.949048
0.949065
0.949081
0.949098
0.949115
0.949132
0.949149
0.949165
0.949182
0.949199
0.949216
0.949233
0.949249
0.949266
0.949283
0.949300
0.949317
0.949333
0.949350
0.949367
0.949384
0.949400
0.949417
0.949434
0.949451
0.949467
0.949484
0.949501
0.949518
0.949534
0.949551
0.949568
0.949585
0.949601
0.949618
0.949635
0.949652
0.949668
0.949685
0.949702
0.949718
0.949735
0.949752
0.949769
0.949785
0.949802
0.949819
0.949835
0.949852
0.949869
0.949885
0.949902
0.949919
0.949936
0.949952
0.949969
0.949986
0.950002
0.950019
0.950036
0.950052
0.950069
0.950085
0.950102
0.950119
0.950135
0.950152
0.950169
0.950185
0.950202
0.950219
0.950235
0.950252
0.950269
0.950285
0.950302
0.950318
0.950335
0.950352
0.950368
0.950385
0.950401
0.950418
0.950435
0.950451
0.950468
0.950484
0.950501
0.950518
0.950534
0.950551
0.950567
0.950584
0.950600
0.950617
0.950634
0.950650
0.950667
0.950683
0.950700
0.950716
0.950733
0.950749
0.950766
0.950783
0.950799
0.950816
0.950832
0.950849
0.950865
0.950882
0.950898
0.950915
0.950931
0.950948
0.950964
0.950981
0.950997
0.951014
0.951030
0.951047
0.951063
0.951080
0.951096
0.951113
0.951129
0.951146
0.951162
0.951179
0.951195
0.951212
0.951228
0.951245
0.951261
0.951277
0.951294
0.951310
0.951327
0.951343
0.951360
0.951376
0.951393
0.951409
0.951426
0.951442
0.951458
0.951475
0.951491
0.951508
0.951524
0.951540
0.951557
0.951573
0.951590
0.951606
0.951623
0.951639
0.951655
0.951672
0.951688
0.951705
0.951721
0.951737
0.951754
0.951770
0.951786
0.951803
0.951819
0.951836
0.951852
0.951868
0.951885
0.951901
0.951917
0.951934
0.951950
0.951966
0.951983
0.951999
0.952015
0.952032
0.952048
0.952064
0.952081
0.952097
0.952113
0.952130
0.952146
0.952162
0.952179
0.952195
0.952211
0.952228
0.952244
0.952260
0.952277
0.952293
0.952309
0.952325
0.952342
0.952358
0.952374
0.952391
0.952407
0.952423
0.952439
0.952456
0.952472
0.952488
0.952505
0.952521
0.952537
0.952553
0.952570
0.952586
0.952602
0.952618
0.952635
0.952651
0.952667
0.952683
0.952699
0.952716
0.952732
0.952748
0.952764
0.952781
0.952797
0.952813
0.952829
0.952845
0.952862
0.952878
0.952894
0.952910
0.952926
0.952943
0.952959
0.952975
0.952991
0.953007
0.953024
0.953040
0.953056
0.953072
0.953088
0.953104
0.953121
0.953137
0.953153
0.953169
0.953185
0.953201
0.953218
0.953234
0.953250
0.953266
0.953282
0.953298
0.953314
0.953331
0.953347
0.953363
0.953379
0.953395
0.953411
0.953427
0.953443
0.953460
0.953476
0.953492
0.953508
0.953524
0.953540
0.953556
0.953572
0.953588
0.953604
0.953621
0.953637
0.953653
0.953669
0.953685
0.953701
0.953717
0.953733
0.953749
0.953765
0.953781
0.953797
0.953813
0.953829
0.953845
0.953862
0.953878
0.953894
0.953910
0.953926
0.953942
0.953958
0.953974
0.953990
0.954006
0.954022
0.954038
0.954054
0.954070
0.954086
0.954102
0.954118
0.954134
0.954150
0.954166
0.954182
0.954198
0.954214
0.954230
0.954246
0.954262
0.954278
0.954294
0.954310
0.954326
0.954342
0.954358
0.954374
0.954390
0.954406
0.954422
0.954438
0.954454
0.954470
0.954485
0.954501
0.954517
0.954533
0.954549
0.954565
0.954581
0.954597
0.954613
0.954629
0.954645
0.954661
0.954677
0.954693
0.954709
0.954724
0.954740
0.954756
0.954772
0.954788
0.954804
0.954820
0.954836
0.954852
0.954868
0.954883
0.954899
0.954915
0.954931
0.954947
0.954963
0.954979
0.954995
0.955011
0.955026
0.955042
0.955058
0.955074
0.955090
0.955106
0.955122
0.955137
0.955153
0.955169
0.955185
0.955201
0.955217
0.955232
0.955248
0.955264
0.955280
0.955296
0.955312
0.955327
0.955343
0.955359
0.955375
0.955391
0.955406
0.955422
0.955438
0.955454
0.955470
0.955485
0.955501
0.955517
0.955533
0.955549
0.955564
0.955580
0.955596
0.955612
0.955628
0.955643
0.955659
0.955675
0.955691
0.955706
0.955722
0.955738
0.955754
0.955769
0.955785
0.955801
0.955817
0.955832
0.955848
0.955864
0.955880
0.955895
0.955911
0.955927
0.955942
0.955958
0.955974
0.955990
0.956005
0.956021
0.956037
0.956052
0.956068
0.956084
0.956100
0.956115
0.956131
0.956147
0.956162
0.956178
0.956194
0.956209
0.956225
0.956241
0.956256
0.956272
0.956288
0.956304
0.956319
0.956335
0.956351
0.956366
0.956382
0.956397
0.956413
0.956429
0.956444
0.956460
0.956476
0.956491
0.956507
0.956523
0.956538
0.956554
0.956570
0.956585
0.956601
0.956616
0.956632
0.956648
0.956663
0.956679
0.956694
0.956710
0.956726
0.956741
0.956757
0.956773
0.956788
0.956804
0.956819
0.956835
0.956850
0.956866
0.956882
0.956897
0.956913
0.956928
0.956944
0.956959
0.956975
0.956991
0.957006
0.957022
0.957037
0.957053
0.957068
0.957084
0.957100
0.957115
0.957131
0.957146
0.957162
0.957177
0.957193
0.957208
0.957224
0.957239
0.957255
0.957270
0.957286
0.957301
0.957317
0.957332
0.957348
0.957363
0.957379
0.957394
0.957410
0.957425
0.957441
0.957456
0.957472
0.957487
0.957503
0.957518
0.957534
0.957549
0.957565
0.957580
0.957596
0.957611
0.957627
0.957642
0.957658
0.957673
0.957689
0.957704
0.957720
0.957735
0.957750
0.957766
0.957781
0.957797
0.957812
0.957828
0.957843
0.957859
0.957874
0.957889
0.957905
0.957920
0.957936
0.957951
0.957966
0.957982
0.957997
0.958013
0.958028
0.958044
0.958059
0.958074
0.958090
0.958105
0.958121
0.958136
0.958151
0.958167
0.958182
0.958197
0.958213
0.958228
0.958244
0.958259
0.958274
0.958290
0.958305
0.958320
0.958336
0.958351
0.958367
0.958382
0.958397
0.958413
0.958428
0.958443
0.958459
0.958474
0.958489
0.958505
0.958520
0.958535
0.958551
0.958566
0.958581
0.958597
0.958612
0.958627
0.958643
0.958658
0.958673
0.958688
0.958704
0.958719
0.958734
0.958750
0.958765
0.958780
0.958796
0.958811
0.958826
0.958841
0.958857
0.958872
0.958887
0.958903
0.958918
0.958933
0.958948
0.958964
0.958979
0.958994
0.959009
0.959025
0.959040
0.959055
0.959070
0.959086
0.959101
0.959116
0.959131
0.959147
0.959162
0.959177
0.959192
0.959208
0.959223
0.959238
0.959253
0.959269
0.959284
0.959299
0.959314
0.959329
0.959345
0.959360
0.959375
0.959390
0.959405
0.959421
0.959436
0.959451
0.959466
0.959481
0.959497
0.959512
0.959527
0.959542
0.959557
0.959572
0.959588
0.959603
0.959618
0.959633
0.959648
0.959664
0.959679
0.959694
0.959709
0.959724
0.959739
0.959754
0.959770
0.959785
0.959800
0.959815
0.959830
0.959845
0.959860
0.959876
0.959891
0.959906
0.959921
0.959936
0.959951
0.959966
0.959981
0.959997
0.960012
0.960027
0.960042
0.960057
0.960072
0.960087
0.960102
0.960117
0.960132
0.960148
0.960163
0.960178
0.960193
0.960208
0.960223
0.960238
0.960253
0.960268
0.960283
0.960298
0.960313
0.960328
0.960344
0.960359
0.960374
0.960389
0.960404
0.960419
0.960434
0.960449
0.960464
0.960479
0.960494
0.960509
0.960524
0.960539
0.960554
0.960569
0.960584
0.960599
0.960614
0.960629
0.960644
0.960659
0.960674
0.960689
0.960704
0.960719
0.960734
0.960749
0.960764
0.960779
0.960794
0.960809
0.960824
0.960839
0.960854
0.960869
0.960884
0.960899
0.960914
0.960929
0.960944
0.960959
0.960974
0.960989
0.961004
0.961019
0.961034
0.961049
0.961064
0.961079
0.961094
0.961109
0.961124
0.961139
0.961154
0.961169
0.961184
0.961198
0.961213
0.961228
0.961243
0.961258
0.961273
0.961288
0.961303
0.961318
0.961333
0.961348
0.961363
0.961378
0.961392
0.961407
0.961422
0.961437
0.961452
0.961467
0.961482
0.961497
0.961512
0.961527
0.961541
0.961556
0.961571
0.961586
0.961601
0.961616
0.961631
0.961646
0.961660
0.961675
0.961690
0.961705
0.961720
0.961735
0.961750
0.961764
0.961779
0.961794
0.961809
0.961824
0.961839
0.961854
0.961868
0.961883
0.961898
0.961913
0.961928
0.961943
0.961957
0.961972
0.961987
0.962002
0.962017
0.962031
0.962046
0.962061
0.962076
0.962091
0.962106
0.962120
0.962135
0.962150
0.962165
0.962180
0.962194
0.962209
0.962224
0.962239
0.962253
0.962268
0.962283
0.962298
0.962313
0.962327
0.962342
0.962357
0.962372
0.962386
0.962401
0.962416
0.962431
0.962445
0.962460
0.962475
0.962490
0.962504
0.962519
0.962534
0.962549
0.962563
0.962578
0.962593
0.962608
0.962622
0.962637
0.962652
0.962667
0.962681
0.962696
0.962711
0.962725
0.962740
0.962755
0.962770
0.962784
0.962799
0.962814
0.962828
0.962843
0.962858
0.962872
0.962887
0.962902
0.962917
0.962931
0.962946
0.962961
0.962975
0.962990
0.963005
0.963019
0.963034
0.963049
0.963063
0.963078
0.963093
0.963107
0.963122
0.963137
0.963151
0.963166
0.963181
0.963195
0.963210
0.963224
0.963239
0.963254
0.963268
0.963283
0.963298
0.963312
0.963327
0.963342
0.963356
0.963371
0.963385
0.963400
0.963415
0.963429
0.963444
0.963458
0.963473
0.963488
0.963502
0.963517
0.963532
0.963546
0.963561
0.963575
0.963590
0.963604
0.963619
0.963634
0.963648
0.963663
0.963677
0.963692
0.963707
0.963721
0.963736
0.963750
0.963765
0.963779
0.963794
0.963809
0.963823
0.963838
0.963852
0.963867
0.963881
0.963896
0.963910
0.963925
0.963939
0.963954
0.963969
0.963983
0.963998
0.964012
0.964027
0.964041
0.964056
0.964070
0.964085
0.964099
0.964114
0.964128
0.964143
0.964157
0.964172
0.964186
0.964201
0.964215
0.964230
0.964244
0.964259
0.964273
0.964288
0.964302
0.964317
0.964331
0.964346
0.964360
0.964375
0.964389
0.964404
0.964418
0.964433
0.964447
0.964462
0.964476
0.964491
0.964505
0.964519
0.964534
0.964548
0.964563
0.964577
0.964592
0.964606
0.964621
0.964635
0.964649
0.964664
0.964678
0.964693
0.964707
0.964722
0.964736
0.964751
0.964765
0.964779
0.964794
0.964808
0.964823
0.964837
0.964851
0.964866
0.964880
0.964895
0.964909
0.964923
0.964938
0.964952
0.964967
0.964981
0.964995
0.965010
0.965024
0.965039
0.965053
0.965067
0.965082
0.965096
0.965111
0.965125
0.965139
0.965154
0.965168
0.965182
0.965197
0.965211
0.965225
0.965240
0.965254
0.965269
0.965283
0.965297
0.965312
0.965326
0.965340
0.965355
0.965369
0.965383
0.965398
0.965412
0.965426
0.965441
0.965455
0.965469
0.965484
0.965498
0.965512
0.965527
0.965541
0.965555
0.965569
0.965584
0.965598
0.965612
0.965627
0.965641
0.965655
0.965670
0.965684
0.965698
0.965712
0.965727
0.965741
0.965755
0.965770
0.965784
0.965798
0.965812
0.965827
0.965841
0.965855
0.965870
0.965884
0.965898
0.965912
0.965927
0.965941
0.965955
0.965969
0.965984
0.965998
0.966012
0.966026
0.966041
0.966055
0.966069
0.966083
0.966098
0.966112
0.966126
0.966140
0.966155
0.966169
0.966183
0.966197
0.966211
0.966226
0.966240
0.966254
0.966268
0.966283
0.966297
0.966311
0.966325
0.966339
0.966354
0.966368
0.966382
0.966396
0.966410
0.966425
0.966439
0.966453
0.966467
0.966481
0.966495
0.966510
0.966524
0.966538
0.966552
0.966566
0.966581
0.966595
0.966609
0.966623
0.966637
0.966651
0.966665
0.966680
0.966694
0.966708
0.966722
0.966736
0.966750
0.966765
0.966779
0.966793
0.966807
0.966821
0.966835
0.966849
0.966864
0.966878
0.966892
0.966906
0.966920
0.966934
0.966948
0.966962
0.966976
0.966991
0.967005
0.967019
0.967033
0.967047
0.967061
0.967075
0.967089
0.967103
0.967118
0.967132
0.967146
0.967160
0.967174
0.967188
0.967202
0.967216
0.967230
0.967244
0.967258
0.967272
0.967287
0.967301
0.967315
0.967329
0.967343
0.967357
0.967371
0.967385
0.967399
0.967413
0.967427
0.967441
0.967455
0.967469
0.967483
0.967497
0.967511
0.967525
0.967540
0.967554
0.967568
0.967582
0.967596
0.967610
0.967624
0.967638
0.967652
0.967666
0.967680
0.967694
0.967708
0.967722
0.967736
0.967750
0.967764
0.967778
0.967792
0.967806
0.967820
0.967834
0.967848
0.967862
0.967876
0.967890
0.967904
0.967918
0.967932
0.967946
0.967960
0.967974
0.967988
0.968002
0.968016
0.968030
0.968044
0.968058
0.968072
0.968086
0.968099
0.968113
0.968127
0.968141
0.968155
0.968169
0.968183
0.968197
0.968211
0.968225
0.968239
0.968253
0.968267
0.968281
0.968295
0.968309
0.968323
0.968337
0.968350
0.968364
0.968378
0.968392
0.968406
0.968420
0.968434
0.968448
0.968462
0.968476
0.968490
0.968504
0.968517
0.968531
0.968545
0.968559
0.968573
0.968587
0.968601
0.968615
0.968629
0.968642
0.968656
0.968670
0.968684
0.968698
0.968712
0.968726
0.968740
0.968754
0.968767
0.968781
0.968795
0.968809
0.968823
0.968837
0.968851
0.968864
0.968878
0.968892
0.968906
0.968920
0.968934
0.968948
0.968961
0.968975
0.968989
0.969003
0.969017
0.969031
0.969044
0.969058
0.969072
0.969086
0.969100
0.969114
0.969127
0.969141
0.969155
0.969169
0.969183
0.969196
0.969210
0.969224
0.969238
0.969252
0.969265
0.969279
0.969293
0.969307
0.969321
0.969334
0.969348
0.969362
0.969376
0.969390
0.969403
0.969417
0.969431
0.969445
0.969459
0.969472
0.969486
0.969500
0.969514
0.969527
0.969541
0.969555
0.969569
0.969582
0.969596
0.969610
0.969624
0.969637
0.969651
0.969665
0.969679
0.969692
0.969706
0.969720
0.969734
0.969747
0.969761
0.969775
0.969789
0.969802
0.969816
0.969830
0.969844
0.969857
0.969871
0.969885
0.969898
0.969912
0.969926
0.969940
0.969953
0.969967
0.969981
0.969994
0.970008
0.970022
0.970035
0.970049
0.970063
0.970077
0.970090
0.970104
0.970118
0.970131
0.970145
0.970159
0.970172
0.970186
0.970200
0.970213
0.970227
0.970241
0.970254
0.970268
0.970282
0.970295
0.970309
0.970323
0.970336
0.970350
0.970364
0.970377
0.970391
0.970405
0.970418
0.970432
0.970446
0.970459
0.970473
0.970487
0.970500
0.970514
0.970527
0.970541
0.970555
0.970568
0.970582
0.970596
0.970609
0.970623
0.970636
0.970650
0.970664
0.970677
0.970691
0.970705
0.970718
0.970732
0.970745
0.970759
0.970773
0.970786
0.970800
0.970813
0.970827
0.970841
0.970854
0.970868
0.970881
0.970895
0.970908
0.970922
0.970936
0.970949
0.970963
0.970976
0.970990
0.971003
0.971017
0.971031
0.971044
0.971058
0.971071
0.971085
0.971098
0.971112
0.971126
0.971139
0.971153
0.971166
0.971180
0.971193
0.971207
0.971220
0.971234
0.971247
0.971261
0.971275
0.971288
0.971302
0.971315
0.971329
0.971342
0.971356
0.971369
0.971383
0.971396
0.971410
0.971423
0.971437
0.971450
0.971464
0.971477
0.971491
0.971504
0.971518
0.971531
0.971545
0.971558
0.971572
0.971585
0.971599
0.971612
0.971626
0.971639
0.971653
0.971666
0.971680
0.971693
0.971707
0.971720
0.971734
0.971747
0.971761
0.971774
0.971787
0.971801
0.971814
0.971828
0.971841
0.971855
0.971868
0.971882
0.971895
0.971909
0.971922
0.971936
0.971949
0.971962
0.971976
0.971989
0.972003
0.972016
0.972030
0.972043
0.972056
0.972070
0.972083
0.972097
0.972110
0.972124
0.972137
0.972150
0.972164
0.972177
0.972191
0.972204
0.972217
0.972231
0.972244
0.972258
0.972271
0.972285
0.972298
0.972311
0.972325
0.972338
0.972351
0.972365
0.972378
0.972392
0.972405
0.972418
0.972432
0.972445
0.972459
0.972472
0.972485
0.972499
0.972512
0.972525
0.972539
0.972552
0.972566
0.972579
0.972592
0.972606
0.972619
0.972632
0.972646
0.972659
0.972672
0.972686
0.972699
0.972712
0.972726
0.972739
0.972752
0.972766
0.972779
0.972792
0.972806
0.972819
0.972832
0.972846
0.972859
0.972872
0.972886
0.972899
0.972912
0.972926
0.972939
0.972952
0.972966
0.972979
0.972992
0.973006
0.973019
0.973032
0.973045
0.973059
0.973072
0.973085
0.973099
0.973112
0.973125
0.973139
0.973152
0.973165
0.973178
0.973192
0.973205
0.973218
0.973232
0.973245
0.973258
0.973271
0.973285
0.973298
0.973311
0.973324
0.973338
0.973351
0.973364
0.973377
0.973391
0.973404
0.973417
0.973430
0.973444
0.973457
0.973470
0.973483
0.973497
0.973510
0.973523
0.973536
0.973550
0.973563
0.973576
0.973589
0.973603
0.973616
0.973629
0.973642
0.973655
0.973669
0.973682
0.973695
0.973708
0.973722
0.973735
0.973748
0.973761
0.973774
0.973788
0.973801
0.973814
0.973827
0.973840
0.973854
0.973867
0.973880
0.973893
0.973906
0.973920
0.973933
0.973946
0.973959
0.973972
0.973985
0.973999
0.974012
0.974025
0.974038
0.974051
0.974065
0.974078
0.974091
0.974104
0.974117
0.974130
0.974144
0.974157
0.974170
0.974183
0.974196
0.974209
0.974222
0.974236
0.974249
0.974262
0.974275
0.974288
0.974301
0.974314
0.974328
0.974341
0.974354
0.974367
0.974380
0.974393
0.974406
0.974419
0.974433
0.974446
0.974459
0.974472
0.974485
0.974498
0.974511
0.974524
0.974538
0.974551
0.974564
0.974577
0.974590
0.974603
0.974616
0.974629
0.974642
0.974655
0.974669
0.974682
0.974695
0.974708
0.974721
0.974734
0.974747
0.974760
0.974773
0.974786
0.974799
0.974812
0.974825
0.974839
0.974852
0.974865
0.974878
0.974891
0.974904
0.974917
0.974930
0.974943
0.974956
0.974969
0.974982
0.974995
0.975008
0.975021
0.975034
0.975047
0.975060
0.975074
0.975087
0.975100
0.975113
0.975126
0.975139
0.975152
0.975165
0.975178
0.975191
0.975204
0.975217
0.975230
0.975243
0.975256
0.975269
0.975282
0.975295
0.975308
0.975321
0.975334
0.975347
0.975360
0.975373
0.975386
0.975399
0.975412
0.975425
0.975438
0.975451
0.975464
0.975477
0.975490
0.975503
0.975516
0.975529
0.975542
0.975555
0.975568
0.975581
0.975594
0.975607
0.975620
0.975633
0.975646
0.975659
0.975672
0.975685
0.975698
0.975710
0.975723
0.975736
0.975749
0.975762
0.975775
0.975788
0.975801
0.975814
0.975827
0.975840
0.975853
0.975866
0.975879
0.975892
0.975905
0.975918
0.975931
0.975943
0.975956
0.975969
0.975982
0.975995
0.976008
0.976021
0.976034
0.976047
0.976060
0.976073
0.976086
0.976098
0.976111
0.976124
0.976137
0.976150
0.976163
0.976176
0.976189
0.976202
0.976215
0.976227
0.976240
0.976253
0.976266
0.976279
0.976292
0.976305
0.976318
0.976331
0.976343
0.976356
0.976369
0.976382
0.976395
0.976408
0.976421
0.976434
0.976446
0.976459
0.976472
0.976485
0.976498
0.976511
0.976524
0.976536
0.976549
0.976562
0.976575
0.976588
0.976601
0.976614
0.976626
0.976639
0.976652
0.976665
0.976678
0.976691
0.976703
0.976716
0.976729
0.976742
0.976755
0.976768
0.976780
0.976793
0.976806
0.976819
0.976832
0.976844
0.976857
0.976870
0.976883
0.976896
0.976909
0.976921
0.976934
0.976947
0.976960
0.976973
0.976985
0.976998
0.977011
0.977024
0.977037
0.977049
0.977062
0.977075
0.977088
0.977100
0.977113
0.977126
0.977139
0.977152
0.977164
0.977177
0.977190
0.977203
0.977215
0.977228
0.977241
0.977254
0.977267
0.977279
0.977292
0.977305
0.977318
0.977330
0.977343
0.977356
0.977369
0.977381
0.977394
0.977407
0.977420
0.977432
0.977445
0.977458
0.977471
0.977483
0.977496
0.977509
0.977521
0.977534
0.977547
0.977560
0.977572
0.977585
0.977598
0.977611
0.977623
0.977636
0.977649
0.977661
0.977674
0.977687
0.977700
0.977712
0.977725
0.977738
0.977750
0.977763
0.977776
0.977788
0.977801
0.977814
0.977827
0.977839
0.977852
0.977865
0.977877
0.977890
0.977903
0.977915
0.977928
0.977941
0.977953
0.977966
0.977979
0.977991
0.978004
0.978017
0.978029
0.978042
0.978055
0.978067
0.978080
0.978093
0.978105
0.978118
0.978131
0.978143
0.978156
0.978169
0.978181
0.978194
0.978207
0.978219
0.978232
0.978245
0.978257
0.978270
0.978282
0.978295
0.978308
0.978320
0.978333
0.978346
0.978358
0.978371
0.978383
0.978396
0.978409
0.978421
0.978434
0.978447
0.978459
0.978472
0.978484
0.978497
0.978510
0.978522
0.978535
0.978547
0.978560
0.978573
0.978585
0.978598
0.978610
0.978623
0.978636
0.978648
0.978661
0.978673
0.978686
0.978699
0.978711
0.978724
0.978736
0.978749
0.978762
0.978774
0.978787
0.978799
0.978812
0.978824
0.978837
0.978850
0.978862
0.978875
0.978887
0.978900
0.978912
0.978925
0.978937
0.978950
0.978963
0.978975
0.978988
0.979000
0.979013
0.979025
0.979038
0.979050
0.979063
0.979075
0.979088
0.979101
0.979113
0.979126
0.979138
0.979151
0.979163
0.979176
0.979188
0.979201
0.979213
0.979226
0.979238
0.979251
0.979263
0.979276
0.979288
0.979301
0.979313
0.979326
0.979338
0.979351
0.979363
0.979376
0.979388
0.979401
0.979413
0.979426
0.979438
0.979451
0.979463
0.979476
0.979488
0.979501
0.979513
0.979526
0.979538
0.979551
0.979563
0.979576
0.979588
0.979601
0.979613
0.979626
0.979638
0.979651
0.979663
0.979676
0.979688
0.979700
0.979713
0.979725
0.979738
0.979750
0.979763
0.979775
0.979788
0.979800
0.979813
0.979825
0.979837
0.979850
0.979862
0.979875
0.979887
0.979900
0.979912
0.979925
0.979937
0.979949
0.979962
0.979974
0.979987
0.979999
0.980012
0.980024
0.980036
0.980049
0.980061
0.980074
0.980086
0.980098
0.980111
0.980123
0.980136
0.980148
0.980161
0.980173
0.980185
0.980198
0.980210
0.980223
0.980235
0.980247
0.980260
0.980272
0.980285
0.980297
0.980309
0.980322
0.980334
0.980346
0.980359
0.980371
0.980384
0.980396
0.980408
0.980421
0.980433
0.980445
0.980458
0.980470
0.980483
0.980495
0.980507
0.980520
0.980532
0.980544
0.980557
0.980569
0.980581
0.980594
0.980606
0.980619
0.980631
0.980643
0.980656
0.980668
0.980680
0.980693
0.980705
0.980717
0.980730
0.980742
0.980754
0.980767
0.980779
0.980791
0.980804
0.980816
0.980828
0.980841
0.980853
0.980865
0.980878
0.980890
0.980902
0.980915
0.980927
0.980939
0.980951
0.980964
0.980976
0.980988
0.981001
0.981013
0.981025
0.981038
0.981050
0.981062
0.981074
0.981087
0.981099
0.981111
0.981124
0.981136
0.981148
0.981161
0.981173
0.981185
0.981197
0.981210
0.981222
0.981234
0.981246
0.981259
0.981271
0.981283
0.981296
0.981308
0.981320
0.981332
0.981345
0.981357
0.981369
0.981381
0.981394
0.981406
0.981418
0.981430
0.981443
0.981455
0.981467
0.981479
0.981492
0.981504
0.981516
0.981528
0.981541
0.981553
0.981565
0.981577
0.981590
0.981602
0.981614
0.981626
0.981639
0.981651
0.981663
0.981675
0.981687
0.981700
0.981712
0.981724
0.981736
0.981748
0.981761
0.981773
0.981785
0.981797
0.981810
0.981822
0.981834
0.981846
0.981858
0.981871
0.981883
0.981895
0.981907
0.981919
0.981932
0.981944
0.981956
0.981968
0.981980
0.981992
0.982005
0.982017
0.982029
0.982041
0.982053
0.982066
0.982078
0.982090
0.982102
0.982114
0.982126
0.982139
0.982151
0.982163
0.982175
0.982187
0.982199
0.982212
0.982224
0.982236
0.982248
0.982260
0.982272
0.982285
0.982297
0.982309
0.982321
0.982333
0.982345
0.982357
0.982370
0.982382
0.982394
0.982406
0.982418
0.982430
0.982442
0.982455
0.982467
0.982479
0.982491
0.982503
0.982515
0.982527
0.982539
0.982552
0.982564
0.982576
0.982588
0.982600
0.982612
0.982624
0.982636
0.982648
0.982661
0.982673
0.982685
0.982697
0.982709
0.982721
0.982733
0.982745
0.982757
0.982769
0.982782
0.982794
0.982806
0.982818
0.982830
0.982842
0.982854
0.982866
0.982878
0.982890
0.982902
0.982914
0.982927
0.982939
0.982951
0.982963
0.982975
0.982987
0.982999
0.983011
0.983023
0.983035
0.983047
0.983059
0.983071
0.983083
0.983095
0.983107
0.983120
0.983132
0.983144
0.983156
0.983168
0.983180
0.983192
0.983204
0.983216
0.983228
0.983240
0.983252
0.983264
0.983276
0.983288
0.983300
0.983312
0.983324
0.983336
0.983348
0.983360
0.983372
0.983384
0.983396
0.983408
0.983420
0.983432
0.983444
0.983456
0.983468
0.983480
0.983492
0.983504
0.983516
0.983528
0.983540
0.983552
0.983564
0.983576
0.983588
0.983600
0.983612
0.983624
0.983636
0.983648
0.983660
0.983672
0.983684
0.983696
0.983708
0.983720
0.983732
0.983744
0.983756
0.983768
0.983780
0.983792
0.983804
0.983816
0.983828
0.983840
0.983852
0.983864
0.983876
0.983888
0.983900
0.983912
0.983924
0.983936
0.983948
0.983960
0.983972
0.983984
0.983996
0.984007
0.984019
0.984031
0.984043
0.984055
0.984067
0.984079
0.984091
0.984103
0.984115
0.984127
0.984139
0.984151
0.984163
0.984175
0.984187
0.984198
0.984210
0.984222
0.984234
0.984246
0.984258
0.984270
0.984282
0.984294
0.984306
0.984318
0.984330
0.984341
0.984353
0.984365
0.984377
0.984389
0.984401
0.984413
0.984425
0.984437
0.984449
0.984460
0.984472
0.984484
0.984496
0.984508
0.984520
0.984532
0.984544
0.984556
0.984567
0.984579
0.984591
0.984603
0.984615
0.984627
0.984639
0.984651
0.984663
0.984674
0.984686
0.984698
0.984710
0.984722
0.984734
0.984746
0.984757
0.984769
0.984781
0.984793
0.984805
0.984817
0.984829
0.984840
0.984852
0.984864
0.984876
0.984888
0.984900
0.984911
0.984923
0.984935
0.984947
0.984959
0.984971
0.984983
0.984994
0.985006
0.985018
0.985030
0.985042
0.985054
0.985065
0.985077
0.985089
0.985101
0.985113
0.985124
0.985136
0.985148
0.985160
0.985172
0.985184
0.985195
0.985207
0.985219
0.985231
0.985243
0.985254
0.985266
0.985278
0.985290
0.985302
0.985313
0.985325
0.985337
0.985349
0.985361
0.985372
0.985384
0.985396
0.985408
0.985419
0.985431
0.985443
0.985455
0.985467
0.985478
0.985490
0.985502
0.985514
0.985525
0.985537
0.985549
0.985561
0.985573
0.985584
0.985596
0.985608
0.985620
0.985631
0.985643
0.985655
0.985667
0.985678
0.985690
0.985702
0.985714
0.985725
0.985737
0.985749
0.985761
0.985772
0.985784
0.985796
0.985808
0.985819
0.985831
0.985843
0.985855
0.985866
0.985878
0.985890
0.985901
0.985913
0.985925
0.985937
0.985948
0.985960
0.985972
0.985984
0.985995
0.986007
0.986019
0.986030
0.986042
0.986054
0.986066
0.986077
0.986089
0.986101
0.986112
0.986124
0.986136
0.986147
0.986159
0.986171
0.986183
0.986194
0.986206
0.986218
0.986229
0.986241
0.986253
0.986264
0.986276
0.986288
0.986299
0.986311
0.986323
0.986334
0.986346
0.986358
0.986369
0.986381
0.986393
0.986405
0.986416
0.986428
0.986440
0.986451
0.986463
0.986475
0.986486
0.986498
0.986509
0.986521
0.986533
0.986544
0.986556
0.986568
0.986579
0.986591
0.986603
0.986614
0.986626
0.986638
0.986649
0.986661
0.986673
0.986684
0.986696
0.986708
0.986719
0.986731
0.986742
0.986754
0.986766
0.986777
0.986789
0.986801
0.986812
0.986824
0.986835
0.986847
0.986859
0.986870
0.986882
0.986894
0.986905
0.986917
0.986928
0.986940
0.986952
0.986963
0.986975
0.986986
0.986998
0.987010
0.987021
0.987033
0.987044
0.987056
0.987068
0.987079
0.987091
0.987102
0.987114
0.987126
0.987137
0.987149
0.987160
0.987172
0.987183
0.987195
0.987207
0.987218
0.987230
0.987241
0.987253
0.987265
0.987276
0.987288
0.987299
0.987311
0.987322
0.987334
0.987345
0.987357
0.987369
0.987380
0.987392
0.987403
0.987415
0.987426
0.987438
0.987450
0.987461
0.987473
0.987484
0.987496
0.987507
0.987519
0.987530
0.987542
0.987553
0.987565
0.987576
0.987588
0.987600
0.987611
0.987623
0.987634
0.987646
0.987657
0.987669
0.987680
0.987692
0.987703
0.987715
0.987726
0.987738
0.987749
0.987761
0.987772
0.987784
0.987795
0.987807
0.987818
0.987830
0.987842
0.987853
0.987865
0.987876
0.987888
0.987899
0.987911
0.987922
0.987934
0.987945
0.987957
0.987968
0.987980
0.987991
0.988002
0.988014
0.988025
0.988037
0.988048
0.988060
0.988071
0.988083
0.988094
0.988106
0.988117
0.988129
0.988140
0.988152
0.988163
0.988175
0.988186
0.988198
0.988209
0.988221
0.988232
0.988243
0.988255
0.988266
0.988278
0.988289
0.988301
0.988312
0.988324
0.988335
0.988347
0.988358
0.988369
0.988381
0.988392
0.988404
0.988415
0.988427
0.988438
0.988450
0.988461
0.988472
0.988484
0.988495
0.988507
0.988518
0.988530
0.988541
0.988553
0.988564
0.988575
0.988587
0.988598
0.988610
0.988621
0.988632
0.988644
0.988655
0.988667
0.988678
0.988690
0.988701
0.988712
0.988724
0.988735
0.988747
0.988758
0.988769
0.988781
0.988792
0.988804
0.988815
0.988826
0.988838
0.988849
0.988861
0.988872
0.988883
0.988895
0.988906
0.988918
0.988929
0.988940
0.988952
0.988963
0.988974
0.988986
0.988997
0.989009
0.989020
0.989031
0.989043
0.989054
0.989065
0.989077
0.989088
0.989100
0.989111
0.989122
0.989134
0.989145
0.989156
0.989168
0.989179
0.989190
0.989202
0.989213
0.989225
0.989236
0.989247
0.989259
0.989270
0.989281
0.989293
0.989304
0.989315
0.989327
0.989338
0.989349
0.989361
0.989372
0.989383
0.989395
0.989406
0.989417
0.989429
0.989440
0.989451
0.989463
0.989474
0.989485
0.989497
0.989508
0.989519
0.989531
0.989542
0.989553
0.989565
0.989576
0.989587
0.989598
0.989610
0.989621
0.989632
0.989644
0.989655
0.989666
0.989678
0.989689
0.989700
0.989712
0.989723
0.989734
0.989745
0.989757
0.989768
0.989779
0.989791
0.989802
0.989813
0.989824
0.989836
0.989847
0.989858
0.989870
0.989881
0.989892
0.989903
0.989915
0.989926
0.989937
0.989949
0.989960
0.989971
0.989982
0.989994
0.990005
0.990016
0.990027
0.990039
0.990050
0.990061
0.990072
0.990084
0.990095
0.990106
0.990117
0.990129
0.990140
0.990151
0.990162
0.990174
0.990185
0.990196
0.990207
0.990219
0.990230
0.990241
0.990252
0.990264
0.990275
0.990286
0.990297
0.990309
0.990320
0.990331
0.990342
0.990354
0.990365
0.990376
0.990387
0.990398
0.990410
0.990421
0.990432
0.990443
0.990455
0.990466
0.990477
0.990488
0.990499
0.990511
0.990522
0.990533
0.990544
0.990555
0.990567
0.990578
0.990589
0.990600
0.990611
0.990623
0.990634
0.990645
0.990656
0.990667
0.990679
0.990690
0.990701
0.990712
0.990723
0.990735
0.990746
0.990757
0.990768
0.990779
0.990791
0.990802
0.990813
0.990824
0.990835
0.990846
0.990858
0.990869
0.990880
0.990891
0.990902
0.990913
0.990925
0.990936
0.990947
0.990958
0.990969
0.990980
0.990992
0.991003
0.991014
0.991025
0.991036
0.991047
0.991058
0.991070
0.991081
0.991092
0.991103
0.991114
0.991125
0.991137
0.991148
0.991159
0.991170
0.991181
0.991192
0.991203
0.991214
0.991226
0.991237
0.991248
0.991259
0.991270
0.991281
0.991292
0.991304
0.991315
0.991326
0.991337
0.991348
0.991359
0.991370
0.991381
0.991392
0.991404
0.991415
0.991426
0.991437
0.991448
0.991459
0.991470
0.991481
0.991492
0.991504
0.991515
0.991526
0.991537
0.991548
0.991559
0.991570
0.991581
0.991592
0.991603
0.991615
0.991626
0.991637
0.991648
0.991659
0.991670
0.991681
0.991692
0.991703
0.991714
0.991725
0.991736
0.991748
0.991759
0.991770
0.991781
0.991792
0.991803
0.991814
0.991825
0.991836
0.991847
0.991858
0.991869
0.991880
0.991891
0.991902
0.991914
0.991925
0.991936
0.991947
0.991958
0.991969
0.991980
0.991991
0.992002
0.992013
0.992024
0.992035
0.992046
0.992057
0.992068
0.992079
0.992090
0.992101
0.992112
0.992123
0.992134
0.992145
0.992157
0.992168
0.992179
0.992190
0.992201
0.992212
0.992223
0.992234
0.992245
0.992256
0.992267
0.992278
0.992289
0.992300
0.992311
0.992322
0.992333
0.992344
0.992355
0.992366
0.992377
0.992388
0.992399
0.992410
0.992421
0.992432
0.992443
0.992454
0.992465
0.992476
0.992487
0.992498
0.992509
0.992520
0.992531
0.992542
0.992553
0.992564
0.992575
0.992586
0.992597
0.992608
0.992619
0.992630
0.992641
0.992652
0.992663
0.992674
0.992685
0.992696
0.992707
0.992718
0.992729
0.992740
0.992750
0.992761
0.992772
0.992783
0.992794
0.992805
0.992816
0.992827
0.992838
0.992849
0.992860
0.992871
0.992882
0.992893
0.992904
0.992915
0.992926
0.992937
0.992948
0.992959
0.992970
0.992981
0.992991
0.993002
0.993013
0.993024
0.993035
0.993046
0.993057
0.993068
0.993079
0.993090
0.993101
0.993112
0.993123
0.993134
0.993145
0.993155
0.993166
0.993177
0.993188
0.993199
0.993210
0.993221
0.993232
0.993243
0.993254
0.993265
0.993276
0.993286
0.993297
0.993308
0.993319
0.993330
0.993341
0.993352
0.993363
0.993374
0.993385
0.993396
0.993406
0.993417
0.993428
0.993439
0.993450
0.993461
0.993472
0.993483
0.993494
0.993504
0.993515
0.993526
0.993537
0.993548
0.993559
0.993570
0.993581
0.993592
0.993602
0.993613
0.993624
0.993635
0.993646
0.993657
0.993668
0.993679
0.993689
0.993700
0.993711
0.993722
0.993733
0.993744
0.993755
0.993765
0.993776
0.993787
0.993798
0.993809
0.993820
0.993831
0.993841
0.993852
0.993863
0.993874
0.993885
0.993896
0.993906
0.993917
0.993928
0.993939
0.993950
0.993961
0.993972
0.993982
0.993993
0.994004
0.994015
0.994026
0.994037
0.994047
0.994058
0.994069
0.994080
0.994091
0.994102
0.994112
0.994123
0.994134
0.994145
0.994156
0.994166
0.994177
0.994188
0.994199
0.994210
0.994221
0.994231
0.994242
0.994253
0.994264
0.994275
0.994285
0.994296
0.994307
0.994318
0.994329
0.994339
0.994350
0.994361
0.994372
0.994383
0.994393
0.994404
0.994415
0.994426
0.994436
0.994447
0.994458
0.994469
0.994480
0.994490
0.994501
0.994512
0.994523
0.994534
0.994544
0.994555
0.994566
0.994577
0.994587
0.994598
0.994609
0.994620
0.994630
0.994641
0.994652
0.994663
0.994674
0.994684
0.994695
0.994706
0.994717
0.994727
0.994738
0.994749
0.994760
0.994770
0.994781
0.994792
0.994803
0.994813
0.994824
0.994835
0.994846
0.994856
0.994867
0.994878
0.994889
0.994899
0.994910
0.994921
0.994932
0.994942
0.994953
0.994964
0.994974
0.994985
0.994996
0.995007
0.995017
0.995028
0.995039
0.995050
0.995060
0.995071
0.995082
0.995092
0.995103
0.995114
0.995125
0.995135
0.995146
0.995157
0.995167
0.995178
0.995189
0.995200
0.995210
0.995221
0.995232
0.995242
0.995253
0.995264
0.995275
0.995285
0.995296
0.995307
0.995317
0.995328
0.995339
0.995349
0.995360
0.995371
0.995381
0.995392
0.995403
0.995414
0.995424
0.995435
0.995446
0.995456
0.995467
0.995478
0.995488
0.995499
0.995510
0.995520
0.995531
0.995542
0.995552
0.995563
0.995574
0.995584
0.995595
0.995606
0.995616
0.995627
0.995638
0.995648
0.995659
0.995670
0.995680
0.995691
0.995702
0.995712
0.995723
0.995734
0.995744
0.995755
0.995766
0.995776
0.995787
0.995797
0.995808
0.995819
0.995829
0.995840
0.995851
0.995861
0.995872
0.995883
0.995893
0.995904
0.995915
0.995925
0.995936
0.995946
0.995957
0.995968
0.995978
0.995989
0.996000
0.996010
0.996021
0.996031
0.996042
0.996053
0.996063
0.996074
0.996085
0.996095
0.996106
0.996116
0.996127
0.996138
0.996148
0.996159
0.996169
0.996180
0.996191
0.996201
0.996212
0.996222
0.996233
0.996244
0.996254
0.996265
0.996275
0.996286
0.996297
0.996307
0.996318
0.996328
0.996339
0.996350
0.996360
0.996371
0.996381
0.996392
0.996402
0.996413
0.996424
0.996434
0.996445
0.996455
0.996466
0.996477
0.996487
0.996498
0.996508
0.996519
0.996529
0.996540
0.996551
0.996561
0.996572
0.996582
0.996593
0.996603
0.996614
0.996624
0.996635
0.996646
0.996656
0.996667
0.996677
0.996688
0.996698
0.996709
0.996719
0.996730
0.996741
0.996751
0.996762
0.996772
0.996783
0.996793
0.996804
0.996814
0.996825
0.996835
0.996846
0.996857
0.996867
0.996878
0.996888
0.996899
0.996909
0.996920
0.996930
0.996941
0.996951
0.996962
0.996972
0.996983
0.996993
0.997004
0.997014
0.997025
0.997035
0.997046
0.997057
0.997067
0.997078
0.997088
0.997099
0.997109
0.997120
0.997130
0.997141
0.997151
0.997162
0.997172
0.997183
0.997193
0.997204
0.997214
0.997225
0.997235
0.997246
0.997256
0.997267
0.997277
0.997288
0.997298
0.997309
0.997319
0.997330
0.997340
0.997351
0.997361
0.997371
0.997382
0.997392
0.997403
0.997413
0.997424
0.997434
0.997445
0.997455
0.997466
0.997476
0.997487
0.997497
0.997508
0.997518
0.997529
0.997539
0.997550
0.997560
0.997570
0.997581
0.997591
0.997602
0.997612
0.997623
0.997633
0.997644
0.997654
0.997665
0.997675
0.997685
0.997696
0.997706
0.997717
0.997727
0.997738
0.997748
0.997759
0.997769
0.997779
0.997790
0.997800
0.997811
0.997821
0.997832
0.997842
0.997853
0.997863
0.997873
0.997884
0.997894
0.997905
0.997915
0.997926
0.997936
0.997946
0.997957
0.997967
0.997978
0.997988
0.997999
0.998009
0.998019
0.998030
0.998040
0.998051
0.998061
0.998071
0.998082
0.998092
0.998103
0.998113
0.998123
0.998134
0.998144
0.998155
0.998165
0.998175
0.998186
0.998196
0.998207
0.998217
0.998227
0.998238
0.998248
0.998259
0.998269
0.998279
0.998290
0.998300
0.998311
0.998321
0.998331
0.998342
0.998352
0.998363
0.998373
0.998383
0.998394
0.998404
0.998414
0.998425
0.998435
0.998446
0.998456
0.998466
0.998477
0.998487
0.998497
0.998508
0.998518
0.998528
0.998539
0.998549
0.998560
0.998570
0.998580
0.998591
0.998601
0.998611
0.998622
0.998632
0.998642
0.998653
0.998663
0.998673
0.998684
0.998694
0.998705
0.998715
0.998725
0.998736
0.998746
0.998756
0.998767
0.998777
0.998787
0.998798
0.998808
0.998818
0.998829
0.998839
0.998849
0.998860
0.998870
0.998880
0.998891
0.998901
0.998911
0.998922
0.998932
0.998942
0.998953
0.998963
0.998973
0.998984
0.998994
0.999004
0.999014
0.999025
0.999035
0.999045
0.999056
0.999066
0.999076
0.999087
0.999097
0.999107
0.999118
0.999128
0.999138
0.999148
0.999159
0.999169
0.999179
0.999190
0.999200
0.999210
0.999221
0.999231
0.999241
0.999251
0.999262
0.999272
0.999282
0.999293
0.999303
0.999313
0.999323
0.999334
0.999344
0.999354
0.999365
0.999375
0.999385
0.999395
0.999406
0.999416
0.999426
0.999437
0.999447
0.999457
0.999467
0.999478
0.999488
0.999498
0.999508
0.999519
0.999529
0.999539
0.999549
0.999560
0.999570
0.999580
0.999591
0.999601
0.999611
0.999621
0.999632
0.999642
0.999652
0.999662
0.999673
0.999683
0.999693
0.999703
0.999714
0.999724
0.999734
0.999744
0.999755
0.999765
0.999775
0.999785
0.999795
0.999806
0.999816
0.999826
0.999836
0.999847
0.999857
0.999867
0.999877
0.999888
0.999898
0.999908
0.999918
0.999928
0.999939
0.999949
0.999959
0.999969
0.999980
0.999990
1.000000
