0.036886
0.058071
0.073388
0.085556
0.095734
0.104531
0.112308
0.119296
0.125656
0.131502
0.136919
0.141972
0.146711
0.151178
0.155404
0.159418
0.163242
0.166895
0.170393
0.173751
0.176980
0.180091
0.183093
0.185995
0.188804
0.191526
0.194167
0.196732
0.199227
0.201654
0.204019
0.206324
0.208573
0.210770
0.212916
0.215014
0.217066
0.219075
0.221043
0.222972
0.224863
0.226717
0.228537
0.230324
0.232079
0.233804
0.235499
0.237166
0.238805
0.240418
0.242006
0.243569
0.245109
0.246626
0.248121
0.249594
0.251047
0.252479
0.253892
0.255287
0.256663
0.258021
0.259362
0.260686
0.261993
0.263285
0.264562
0.265823
0.267070
0.268302
0.269521
0.270726
0.271918
0.273097
0.274263
0.275417
0.276559
0.277689
0.278808
0.279916
0.281012
0.282098
0.283174
0.284239
0.285294
0.286340
0.287375
0.288402
0.289419
0.290427
0.291426
0.292416
0.293398
0.294372
0.295337
0.296294
0.297244
0.298185
0.299119
0.300046
0.300965
0.301877
0.302782
0.303680
0.304571
0.305455
0.306333
0.307204
0.308069
0.308927
0.309780
0.310626
0.311466
0.312301
0.313129
0.313952
0.314769
0.315581
0.316387
0.317188
0.317983
0.318773
0.319558
0.320339
0.321114
0.321884
0.322649
0.323409
0.324165
0.324916
0.325663
0.326405
0.327142
0.327876
0.328604
0.329329
0.330049
0.330765
0.331477
0.332185
0.332889
0.333589
0.334285
0.334977
0.335665
0.336350
0.337030
0.337707
0.338381
0.339051
0.339717
0.340380
0.341039
0.341695
0.342348
0.342997
0.343643
0.344285
0.344925
0.345561
0.346194
0.346824
0.347450
0.348074
0.348695
0.349312
0.349927
0.350539
0.351148
0.351754
0.352357
0.352958
0.353555
0.354150
0.354742
0.355332
0.355918
0.356503
0.357084
0.357663
0.358239
0.358813
0.359385
0.359954
0.360520
0.361084
0.361645
0.362205
0.362761
0.363316
0.363868
0.364418
0.364965
0.365511
0.366054
0.366594
0.367133
0.367670
0.368204
0.368736
0.369266
0.369794
0.370320
0.370844
0.371365
0.371885
0.372403
0.372918
0.373432
0.373944
0.374454
0.374962
0.375468
0.375972
0.376474
0.376974
0.377473
0.377970
0.378465
0.378958
0.379449
0.379938
0.380426
0.380912
0.381397
0.381879
0.382360
0.382839
0.383317
0.383793
0.384267
0.384739
0.385210
0.385680
0.386147
0.386614
0.387078
0.387541
0.388003
0.388463
0.388921
0.389378
0.389833
0.390287
0.390740
0.391190
0.391640
0.392088
0.392535
0.392980
0.393423
0.393866
0.394307
0.394746
0.395184
0.395621
0.396057
0.396491
0.396923
0.397355
0.397785
0.398214
0.398641
0.399067
0.399492
0.399916
0.400338
0.400759
0.401179
0.401598
0.402015
0.402431
0.402846
0.403260
0.403672
0.404083
0.404493
0.404902
0.405310
0.405717
0.406122
0.406526
0.406929
0.407331
0.407732
0.408132
0.408531
0.408928
0.409324
0.409720
0.410114
0.410507
0.410899
0.411290
0.411680
0.412069
0.412457
0.412844
0.413229
0.413614
0.413998
0.414381
0.414762
0.415143
0.415523
0.415901
0.416279
0.416656
0.417032
0.417406
0.417780
0.418153
0.418525
0.418896
0.419266
0.419635
0.420003
0.420370
0.420737
0.421102
0.421466
0.421830
0.422193
0.422554
0.422915
0.423275
0.423634
0.423993
0.424350
0.424706
0.425062
0.425417
0.425771
0.426124
0.426476
0.426827
0.427178
0.427528
0.427877
0.428225
0.428572
0.428918
0.429264
0.429609
0.429953
0.430296
0.430639
0.430980
0.431321
0.431661
0.432001
0.432339
0.432677
0.433014
0.433350
0.433686
0.434020
0.434354
0.434688
0.435020
0.435352
0.435683
0.436013
0.436343
0.436672
0.437000
0.437327
0.437654
0.437980
0.438305
0.438630
0.438954
0.439277
0.439600
0.439922
0.440243
0.440563
0.440883
0.441202
0.441521
0.441838
0.442155
0.442472
0.442788
0.443103
0.443417
0.443731
0.444044
0.444357
0.444669
0.444980
0.445291
0.445601
0.445910
0.446219
0.446527
0.446834
0.447141
0.447447
0.447753
0.448058
0.448362
0.448666
0.448970
0.449272
0.449574
0.449876
0.450176
0.450477
0.450776
0.451075
0.451374
0.451672
0.451969
0.452266
0.452562
0.452858
0.453153
0.453447
0.453741
0.454035
0.454328
0.454620
0.454912
0.455203
0.455493
0.455783
0.456073
0.456362
0.456650
0.456938
0.457226
0.457513
0.457799
0.458085
0.458370
0.458655
0.458939
0.459223
0.459506
0.459789
0.460071
0.460352
0.460634
0.460914
0.461194
0.461474
0.461753
0.462032
0.462310
0.462588
0.462865
0.463142
0.463418
0.463693
0.463969
0.464243
0.464518
0.464791
0.465065
0.465338
0.465610
0.465882
0.466153
0.466424
0.466695
0.466965
0.467234
0.467503
0.467772
0.468040
0.468308
0.468575
0.468842
0.469108
0.469374
0.469640
0.469905
0.470170
0.470434
0.470697
0.470961
0.471224
0.471486
0.471748
0.472009
0.472271
0.472531
0.472792
0.473051
0.473311
0.473570
0.473828
0.474087
0.474344
0.474602
0.474858
0.475115
0.475371
0.475627
0.475882
0.476137
0.476391
0.476645
0.476899
0.477152
0.477405
0.477658
0.477910
0.478161
0.478413
0.478663
0.478914
0.479164
0.479414
0.479663
0.479912
0.480160
0.480409
0.480656
0.480904
0.481151
0.481397
0.481644
0.481890
0.482135
0.482380
0.482625
0.482869
0.483113
0.483357
0.483600
0.483843
0.484086
0.484328
0.484570
0.484811
0.485052
0.485293
0.485534
0.485774
0.486013
0.486253
0.486492
0.486730
0.486969
0.487207
0.487444
0.487681
0.487918
0.488155
0.488391
0.488627
0.488863
0.489098
0.489333
0.489567
0.489801
0.490035
0.490269
0.490502
0.490735
0.490967
0.491199
0.491431
0.491663
0.491894
0.492125
0.492355
0.492586
0.492816
0.493045
0.493274
0.493503
0.493732
0.493960
0.494188
0.494416
0.494643
0.494870
0.495097
0.495323
0.495550
0.495775
0.496001
0.496226
0.496451
0.496676
0.496900
0.497124
0.497347
0.497571
0.497794
0.498017
0.498239
0.498461
0.498683
0.498905
0.499126
0.499347
0.499568
0.499788
0.500008
0.500228
0.500447
0.500667
0.500885
0.501104
0.501322
0.501541
0.501758
0.501976
0.502193
0.502410
0.502627
0.502843
0.503059
0.503275
0.503490
0.503706
0.503921
0.504135
0.504350
0.504564
0.504778
0.504991
0.505205
0.505418
0.505631
0.505843
0.506055
0.506267
0.506479
0.506690
0.506902
0.507113
0.507323
0.507534
0.507744
0.507954
0.508163
0.508372
0.508582
0.508790
0.508999
0.509207
0.509415
0.509623
0.509831
0.510038
0.510245
0.510452
0.510658
0.510864
0.511070
0.511276
0.511482
0.511687
0.511892
0.512097
0.512301
0.512505
0.512709
0.512913
0.513117
0.513320
0.513523
0.513726
0.513928
0.514131
0.514333
0.514534
0.514736
0.514937
0.515138
0.515339
0.515540
0.515740
0.515940
0.516140
0.516340
0.516540
0.516739
0.516938
0.517136
0.517335
0.517533
0.517731
0.517929
0.518127
0.518324
0.518521
0.518718
0.518915
0.519111
0.519308
0.519504
0.519699
0.519895
0.520090
0.520285
0.520480
0.520675
0.520869
0.521064
0.521258
0.521451
0.521645
0.521838
0.522031
0.522224
0.522417
0.522610
0.522802
0.522994
0.523186
0.523377
0.523569
0.523760
0.523951
0.524142
0.524332
0.524523
0.524713
0.524903
0.525092
0.525282
0.525471
0.525660
0.525849
0.526038
0.526226
0.526415
0.526603
0.526790
0.526978
0.527166
0.527353
0.527540
0.527727
0.527913
0.528100
0.528286
0.528472
0.528658
0.528844
0.529029
0.529214
0.529399
0.529584
0.529769
0.529953
0.530137
0.530322
0.530505
0.530689
0.530873
0.531056
0.531239
0.531422
0.531605
0.531787
0.531969
0.532152
0.532333
0.532515
0.532697
0.532878
0.533059
0.533240
0.533421
0.533602
0.533782
0.533962
0.534142
0.534322
0.534502
0.534682
0.534861
0.535040
0.535219
0.535398
0.535576
0.535755
0.535933
0.536111
0.536289
0.536467
0.536644
0.536821
0.536999
0.537175
0.537352
0.537529
0.537705
0.537882
0.538058
0.538234
0.538409
0.538585
0.538760
0.538935
0.539110
0.539285
0.539460
0.539634
0.539809
0.539983
0.540157
0.540331
0.540504
0.540678
0.540851
0.541024
0.541197
0.541370
0.541543
0.541715
0.541887
0.542059
0.542231
0.542403
0.542575
0.542746
0.542917
0.543089
0.543259
0.543430
0.543601
0.543771
0.543942
0.544112
0.544282
0.544451
0.544621
0.544791
0.544960
0.545129
0.545298
0.545467
0.545636
0.545804
0.545972
0.546141
0.546309
0.546476
0.546644
0.546812
0.546979
0.547146
0.547313
0.547480
0.547647
0.547814
0.547980
0.548146
0.548313
0.548479
0.548644
0.548810
0.548976
0.549141
0.549306
0.549471
0.549636
0.549801
0.549966
0.550130
0.550294
0.550458
0.550622
0.550786
0.550950
0.551114
0.551277
0.551440
0.551603
0.551766
0.551929
0.552092
0.552254
0.552417
0.552579
0.552741
0.552903
0.553065
0.553226
0.553388
0.553549
0.553710
0.553871
0.554032
0.554193
0.554354
0.554514
0.554674
0.554835
0.554995
0.555154
0.555314
0.555474
0.555633
0.555793
0.555952
0.556111
0.556270
0.556429
0.556587
0.556746
0.556904
0.557062
0.557220
0.557378
0.557536
0.557694
0.557851
0.558009
0.558166
0.558323
0.558480
0.558637
0.558794
0.558950
0.559107
0.559263
0.559419
0.559575
0.559731
0.559887
0.560042
0.560198
0.560353
0.560508
0.560663
0.560818
0.560973
0.561128
0.561282
0.561437
0.561591
0.561745
0.561899
0.562053
0.562207
0.562361
0.562514
0.562668
0.562821
0.562974
0.563127
0.563280
0.563433
0.563585
0.563738
0.563890
0.564042
0.564194
0.564346
0.564498
0.564650
0.564802
0.564953
0.565104
0.565256
0.565407
0.565558
0.565708
0.565859
0.566010
0.566160
0.566311
0.566461
0.566611
0.566761
0.566911
0.567060
0.567210
0.567359
0.567509
0.567658
0.567807
0.567956
0.568105
0.568254
0.568402
0.568551
0.568699
0.568848
0.568996
0.569144
0.569292
0.569440
0.569587
0.569735
0.569882
0.570029
0.570177
0.570324
0.570471
0.570618
0.570764
0.570911
0.571057
0.571204
0.571350
0.571496
0.571642
0.571788
0.571934
0.572080
0.572225
0.572371
0.572516
0.572661
0.572806
0.572951
0.573096
0.573241
0.573386
0.573530
0.573675
0.573819
0.573963
0.574107
0.574251
0.574395
0.574539
0.574682
0.574826
0.574969
0.575113
0.575256
0.575399
0.575542
0.575685
0.575827
0.575970
0.576113
0.576255
0.576397
0.576540
0.576682
0.576824
0.576965
0.577107
0.577249
0.577390
0.577532
0.577673
0.577814
0.577956
0.578097
0.578237
0.578378
0.578519
0.578660
0.578800
0.578940
0.579081
0.579221
0.579361
0.579501
0.579641
0.579780
0.579920
0.580060
0.580199
0.580338
0.580477
0.580617
0.580756
0.580895
0.581033
0.581172
0.581311
0.581449
0.581587
0.581726
0.581864
0.582002
0.582140
0.582278
0.582416
0.582553
0.582691
0.582828
0.582966
0.583103
0.583240
0.583377
0.583514
0.583651
0.583788
0.583924
0.584061
0.584197
0.584334
0.584470
0.584606
0.584742
0.584878
0.585014
0.585150
0.585286
0.585421
0.585557
0.585692
0.585827
0.585962
0.586098
0.586233
0.586367
0.586502
0.586637
0.586771
0.586906
0.587040
0.587175
0.587309
0.587443
0.587577
0.587711
0.587845
0.587979
0.588112
0.588246
0.588379
0.588513
0.588646
0.588779
0.588912
0.589045
0.589178
0.589311
0.589443
0.589576
0.589709
0.589841
0.589973
0.590105
0.590238
0.590370
0.590502
0.590633
0.590765
0.590897
0.591029
0.591160
0.591291
0.591423
0.591554
0.591685
0.591816
0.591947
0.592078
0.592209
0.592339
0.592470
0.592600
0.592731
0.592861
0.592991
0.593122
0.593252
0.593382
0.593511
0.593641
0.593771
0.593900
0.594030
0.594159
0.594289
0.594418
0.594547
0.594676
0.594805
0.594934
0.595063
0.595192
0.595320
0.595449
0.595577
0.595706
0.595834
0.595962
0.596090
0.596218
0.596346
0.596474
0.596602
0.596730
0.596857
0.596985
0.597112
0.597239
0.597367
0.597494
0.597621
0.597748
0.597875
0.598002
0.598128
0.598255
0.598382
0.598508
0.598635
0.598761
0.598887
0.599013
0.599139
0.599265
0.599391
0.599517
0.599643
0.599768
0.599894
0.600020
0.600145
0.600270
0.600396
0.600521
0.600646
0.600771
0.600896
0.601021
0.601145
0.601270
0.601395
0.601519
0.601644
0.601768
0.601892
0.602016
0.602140
0.602264
0.602388
0.602512
0.602636
0.602760
0.602883
0.603007
0.603130
0.603254
0.603377
0.603500
0.603624
0.603747
0.603870
0.603993
0.604115
0.604238
0.604361
0.604483
0.604606
0.604728
0.604851
0.604973
0.605095
0.605217
0.605339
0.605461
0.605583
0.605705
0.605827
0.605949
0.606070
0.606192
0.606313
0.606434
0.606556
0.606677
0.606798
0.606919
0.607040
0.607161
0.607282
0.607403
0.607523
0.607644
0.607764
0.607885
0.608005
0.608126
0.608246
0.608366
0.608486
0.608606
0.608726
0.608846
0.608966
0.609085
0.609205
0.609325
0.609444
0.609563
0.609683
0.609802
0.609921
0.610040
0.610159
0.610278
0.610397
0.610516
0.610635
0.610754
0.610872
0.610991
0.611109
0.611227
0.611346
0.611464
0.611582
0.611700
0.611818
0.611936
0.612054
0.612172
0.612290
0.612407
0.612525
0.612643
0.612760
0.612877
0.612995
0.613112
0.613229
0.613346
0.613463
0.613580
0.613697
0.613814
0.613931
0.614047
0.614164
0.614280
0.614397
0.614513
0.614630
0.614746
0.614862
0.614978
0.615094
0.615210
0.615326
0.615442
0.615558
0.615674
0.615789
0.615905
0.616020
0.616136
0.616251
0.616366
0.616482
0.616597
0.616712
0.616827
0.616942
0.617057
0.617172
0.617286
0.617401
0.617516
0.617630
0.617745
0.617859
0.617973
0.618088
0.618202
0.618316
0.618430
0.618544
0.618658
0.618772
0.618886
0.619000
0.619113
0.619227
0.619340
0.619454
0.619567
0.619681
0.619794
0.619907
0.620020
0.620134
0.620247
0.620360
0.620472
0.620585
0.620698
0.620811
0.620923
0.621036
0.621148
0.621261
0.621373
0.621486
0.621598
0.621710
0.621822
0.621934
0.622046
0.622158
0.622270
0.622382
0.622494
0.622605
0.622717
0.622828
0.622940
0.623051
0.623163
0.623274
0.623385
0.623496
0.623608
0.623719
0.623830
0.623941
0.624051
0.624162
0.624273
0.624384
0.624494
0.624605
0.624715
0.624826
0.624936
0.625046
0.625157
0.625267
0.625377
0.625487
0.625597
0.625707
0.625817
0.625927
0.626036
0.626146
0.626256
0.626365
0.626475
0.626584
0.626694
0.626803
0.626912
0.627021
0.627131
0.627240
0.627349
0.627458
0.627566
0.627675
0.627784
0.627893
0.628002
0.628110
0.628219
0.628327
0.628436
0.628544
0.628652
0.628761
0.628869
0.628977
0.629085
0.629193
0.629301
0.629409
0.629517
0.629624
0.629732
0.629840
0.629947
0.630055
0.630162
0.630270
0.630377
0.630485
0.630592
0.630699
0.630806
0.630913
0.631020
0.631127
0.631234
0.631341
0.631448
0.631554
0.631661
0.631768
0.631874
0.631981
0.632087
0.632194
0.632300
0.632406
0.632513
0.632619
0.632725
0.632831
0.632937
0.633043
0.633149
0.633254
0.633360
0.633466
0.633572
0.633677
0.633783
0.633888
0.633994
0.634099
0.634204
0.634310
0.634415
0.634520
0.634625
0.634730
0.634835
0.634940
0.635045
0.635150
0.635255
0.635359
0.635464
0.635569
0.635673
0.635778
0.635882
0.635986
0.636091
0.636195
0.636299
0.636404
0.636508
0.636612
0.636716
0.636820
0.636924
0.637027
0.637131
0.637235
0.637339
0.637442
0.637546
0.637649
0.637753
0.637856
0.637960
0.638063
0.638166
0.638269
0.638373
0.638476
0.638579
0.638682
0.638785
0.638887
0.638990
0.639093
0.639196
0.639299
0.639401
0.639504
0.639606
0.639709
0.639811
0.639913
0.640016
0.640118
0.640220
0.640322
0.640424
0.640527
0.640629
0.640730
0.640832
0.640934
0.641036
0.641138
0.641239
0.641341
0.641443
0.641544
0.641646
0.641747
0.641849
0.641950
0.642051
0.642152
0.642254
0.642355
0.642456
0.642557
0.642658
0.642759
0.642860
0.642960
0.643061
0.643162
0.643263
0.643363
0.643464
0.643564
0.643665
0.643765
0.643866
0.643966
0.644066
0.644166
0.644267
0.644367
0.644467
0.644567
0.644667
0.644767
0.644867
0.644966
0.645066
0.645166
0.645266
0.645365
0.645465
0.645564
0.645664
0.645763
0.645863
0.645962
0.646061
0.646160
0.646260
0.646359
0.646458
0.646557
0.646656
0.646755
0.646854
0.646953
0.647051
0.647150
0.647249
0.647348
0.647446
0.647545
0.647643
0.647742
0.647840
0.647938
0.648037
0.648135
0.648233
0.648331
0.648430
0.648528
0.648626
0.648724
0.648822
0.648920
0.649017
0.649115
0.649213
0.649311
0.649408
0.649506
0.649604
0.649701
0.649799
0.649896
0.649993
0.650091
0.650188
0.650285
0.650382
0.650480
0.650577
0.650674
0.650771
0.650868
0.650965
0.651062
0.651158
0.651255
0.651352
0.651449
0.651545
0.651642
0.651738
0.651835
0.651931
0.652028
0.652124
0.652220
0.652317
0.652413
0.652509
0.652605
0.652701
0.652797
0.652893
0.652989
0.653085
0.653181
0.653277
0.653373
0.653468
0.653564
0.653660
0.653755
0.653851
0.653946
0.654042
0.654137
0.654233
0.654328
0.654423
0.654519
0.654614
0.654709
0.654804
0.654899
0.654994
0.655089
0.655184
0.655279
0.655374
0.655469
0.655563
0.655658
0.655753
0.655847
0.655942
0.656037
0.656131
0.656225
0.656320
0.656414
0.656509
0.656603
0.656697
0.656791
0.656885
0.656980
0.657074
0.657168
0.657262
0.657356
0.657449
0.657543
0.657637
0.657731
0.657825
0.657918
0.658012
0.658105
0.658199
0.658293
0.658386
0.658479
0.658573
0.658666
0.658759
0.658853
0.658946
0.659039
0.659132
0.659225
0.659318
0.659411
0.659504
0.659597
0.659690
0.659783
0.659876
0.659968
0.660061
0.660154
0.660246
0.660339
0.660432
0.660524
0.660617
0.660709
0.660801
0.660894
0.660986
0.661078
0.661170
0.661263
0.661355
0.661447
0.661539
0.661631
0.661723
0.661815
0.661907
0.661998
0.662090
0.662182
0.662274
0.662365
0.662457
0.662549
0.662640
0.662732
0.662823
0.662915
0.663006
0.663097
0.663189
0.663280
0.663371
0.663462
0.663553
0.663645
0.663736
0.663827
0.663918
0.664009
0.664100
0.664190
0.664281
0.664372
0.664463
0.664553
0.664644
0.664735
0.664825
0.664916
0.665006
0.665097
0.665187
0.665278
0.665368
0.665458
0.665549
0.665639
0.665729
0.665819
0.665909
0.665999
0.666090
0.666180
0.666269
0.666359
0.666449
0.666539
0.666629
0.666719
0.666808
0.666898
0.666988
0.667077
0.667167
0.667257
0.667346
0.667435
0.667525
0.667614
0.667704
0.667793
0.667882
0.667971
0.668061
0.668150
0.668239
0.668328
0.668417
0.668506
0.668595
0.668684
0.668773
0.668862
0.668950
0.669039
0.669128
0.669217
0.669305
0.669394
0.669482
0.669571
0.669660
0.669748
0.669836
0.669925
0.670013
0.670102
0.670190
0.670278
0.670366
0.670454
0.670543
0.670631
0.670719
0.670807
0.670895
0.670983
0.671071
0.671158
0.671246
0.671334
0.671422
0.671510
0.671597
0.671685
0.671773
0.671860
0.671948
0.672035
0.672123
0.672210
0.672297
0.672385
0.672472
0.672559
0.672647
0.672734
0.672821
0.672908
0.672995
0.673082
0.673169
0.673256
0.673343
0.673430
0.673517
0.673604
0.673691
0.673778
0.673864
0.673951
0.674038
0.674124
0.674211
0.674298
0.674384
0.674471
0.674557
0.674643
0.674730
0.674816
0.674902
0.674989
0.675075
0.675161
0.675247
0.675333
0.675420
0.675506
0.675592
0.675678
0.675764
0.675850
0.675935
0.676021
0.676107
0.676193
0.676279
0.676364
0.676450
0.676536
0.676621
0.676707
0.676792
0.676878
0.676963
0.677049
0.677134
0.677220
0.677305
0.677390
0.677476
0.677561
0.677646
0.677731
0.677816
0.677901
0.677986
0.678071
0.678156
0.678241
0.678326
0.678411
0.678496
0.678581
0.678666
0.678750
0.678835
0.678920
0.679004
0.679089
0.679174
0.679258
0.679343
0.679427
0.679512
0.679596
0.679680
0.679765
0.679849
0.679933
0.680017
0.680102
0.680186
0.680270
0.680354
0.680438
0.680522
0.680606
0.680690
0.680774
0.680858
0.680942
0.681026
0.681110
0.681193
0.681277
0.681361
0.681444
0.681528
0.681612
0.681695
0.681779
0.681862
0.681946
0.682029
0.682113
0.682196
0.682279
0.682363
0.682446
0.682529
0.682612
0.682696
0.682779
0.682862
0.682945
0.683028
0.683111
0.683194
0.683277
0.683360
0.683443
0.683526
0.683608
0.683691
0.683774
0.683857
0.683939
0.684022
0.684105
0.684187
0.684270
0.684352
0.684435
0.684517
0.684600
0.684682
0.684764
0.684847
0.684929
0.685011
0.685094
0.685176
0.685258
0.685340
0.685422
0.685504
0.685586
0.685668
0.685750
0.685832
0.685914
0.685996
0.686078
0.686160
0.686242
0.686323
0.686405
0.686487
0.686569
0.686650
0.686732
0.686813
0.686895
0.686976
0.687058
0.687139
0.687221
0.687302
0.687384
0.687465
0.687546
0.687627
0.687709
0.687790
0.687871
0.687952
0.688033
0.688114
0.688195
0.688276
0.688357
0.688438
0.688519
0.688600
0.688681
0.688762
0.688843
0.688923
0.689004
0.689085
0.689166
0.689246
0.689327
0.689407
0.689488
0.689569
0.689649
0.689730
0.689810
0.689890
0.689971
0.690051
0.690131
0.690212
0.690292
0.690372
0.690452
0.690533
0.690613
0.690693
0.690773
0.690853
0.690933
0.691013
0.691093
0.691173
0.691253
0.691333
0.691412
0.691492
0.691572
0.691652
0.691731
0.691811
0.691891
0.691970
0.692050
0.692130
0.692209
0.692289
0.692368
0.692448
0.692527
0.692606
0.692686
0.692765
0.692844
0.692924
0.693003
0.693082
0.693161
0.693240
0.693320
0.693399
0.693478
0.693557
0.693636
0.693715
0.693794
0.693873
0.693952
0.694030
0.694109
0.694188
0.694267
0.694346
0.694424
0.694503
0.694582
0.694660
0.694739
0.694818
0.694896
0.694975
0.695053
0.695132
0.695210
0.695288
0.695367
0.695445
0.695523
0.695602
0.695680
0.695758
0.695836
0.695915
0.695993
0.696071
0.696149
0.696227
0.696305
0.696383
0.696461
0.696539
0.696617
0.696695
0.696773
0.696851
0.696928
0.697006
0.697084
0.697162
0.697239
0.697317
0.697395
0.697472
0.697550
0.697627
0.697705
0.697782
0.697860
0.697937
0.698015
0.698092
0.698169
0.698247
0.698324
0.698401
0.698479
0.698556
0.698633
0.698710
0.698787
0.698864
0.698942
0.699019
0.699096
0.699173
0.699250
0.699327
0.699404
0.699480
0.699557
0.699634
0.699711
0.699788
0.699864
0.699941
0.700018
0.700095
0.700171
0.700248
0.700324
0.700401
0.700478
0.700554
0.700631
0.700707
0.700783
0.700860
0.700936
0.701013
0.701089
0.701165
0.701241
0.701318
0.701394
0.701470
0.701546
0.701622
0.701698
0.701775
0.701851
0.701927
0.702003
0.702079
0.702155
0.702230
0.702306
0.702382
0.702458
0.702534
0.702610
0.702685
0.702761
0.702837
0.702913
0.702988
0.703064
0.703139
0.703215
0.703291
0.703366
0.703442
0.703517
0.703593
0.703668
0.703743
0.703819
0.703894
0.703969
0.704045
0.704120
0.704195
0.704270
0.704346
0.704421
0.704496
0.704571
0.704646
0.704721
0.704796
0.704871
0.704946
0.705021
0.705096
0.705171
0.705246
0.705321
0.705395
0.705470
0.705545
0.705620
0.705694
0.705769
0.705844
0.705918
0.705993
0.706068
0.706142
0.706217
0.706291
0.706366
0.706440
0.706515
0.706589
0.706663
0.706738
0.706812
0.706886
0.706961
0.707035
0.707109
0.707183
0.707258
0.707332
0.707406
0.707480
0.707554
0.707628
0.707702
0.707776
0.707850
0.707924
0.707998
0.708072
0.708146
0.708220
0.708293
0.708367
0.708441
0.708515
0.708589
0.708662
0.708736
0.708810
0.708883
0.708957
0.709030
0.709104
0.709178
0.709251
0.709324
0.709398
0.709471
0.709545
0.709618
0.709692
0.709765
0.709838
0.709911
0.709985
0.710058
0.710131
0.710204
0.710278
0.710351
0.710424
0.710497
0.710570
0.710643
0.710716
0.710789
0.710862
0.710935
0.711008
0.711081
0.711154
0.711226
0.711299
0.711372
0.711445
0.711518
0.711590
0.711663
0.711736
0.711808
0.711881
0.711954
0.712026
0.712099
0.712171
0.712244
0.712316
0.712389
0.712461
0.712533
0.712606
0.712678
0.712751
0.712823
0.712895
0.712967
0.713040
0.713112
0.713184
0.713256
0.713328
0.713401
0.713473
0.713545
0.713617
0.713689
0.713761
0.713833
0.713905
0.713977
0.714049
0.714121
0.714192
0.714264
0.714336
0.714408
0.714480
0.714551
0.714623
0.714695
0.714766
0.714838
0.714910
0.714981
0.715053
0.715125
0.715196
0.715268
0.715339
0.715411
0.715482
0.715553
0.715625
0.715696
0.715768
0.715839
0.715910
0.715981
0.716053
0.716124
0.716195
0.716266
0.716337
0.716409
0.716480
0.716551
0.716622
0.716693
0.716764
0.716835
0.716906
0.716977
0.717048
0.717119
0.717190
0.717261
0.717331
0.717402
0.717473
0.717544
0.717615
0.717685
0.717756
0.717827
0.717897
0.717968
0.718039
0.718109
0.718180
0.718250
0.718321
0.718391
0.718462
0.718532
0.718603
0.718673
0.718744
0.718814
0.718884
0.718955
0.719025
0.719095
0.719165
0.719236
0.719306
0.719376
0.719446
0.719516
0.719587
0.719657
0.719727
0.719797
0.719867
0.719937
0.720007
0.720077
0.720147
0.720217
0.720287
0.720357
0.720426
0.720496
0.720566
0.720636
0.720706
0.720775
0.720845
0.720915
0.720984
0.721054
0.721124
0.721193
0.721263
0.721333
0.721402
0.721472
0.721541
0.721611
0.721680
0.721750
0.721819
0.721888
0.721958
0.722027
0.722096
0.722166
0.722235
0.722304
0.722374
0.722443
0.722512
0.722581
0.722650
0.722719
0.722789
0.722858
0.722927
0.722996
0.723065
0.723134
0.723203
0.723272
0.723341
0.723410
0.723479
0.723547
0.723616
0.723685
0.723754
0.723823
0.723892
0.723960
0.724029
0.724098
0.724166
0.724235
0.724304
0.724372
0.724441
0.724510
0.724578
0.724647
0.724715
0.724784
0.724852
0.724921
0.724989
0.725057
0.725126
0.725194
0.725263
0.725331
0.725399
0.725467
0.725536
0.725604
0.725672
0.725740
0.725809
0.725877
0.725945
0.726013
0.726081
0.726149
0.726217
0.726285
0.726353
0.726421
0.726489
0.726557
0.726625
0.726693
0.726761
0.726829
0.726897
0.726965
0.727032
0.727100
0.727168
0.727236
0.727303
0.727371
0.727439
0.727506
0.727574
0.727642
0.727709
0.727777
0.727844
0.727912
0.727980
0.728047
0.728115
0.728182
0.728249
0.728317
0.728384
0.728452
0.728519
0.728586
0.728654
0.728721
0.728788
0.728855
0.728923
0.728990
0.729057
0.729124
0.729191
0.729259
0.729326
0.729393
0.729460
0.729527
0.729594
0.729661
0.729728
0.729795
0.729862
0.729929
0.729996
0.730063
0.730130
0.730196
0.730263
0.730330
0.730397
0.730464
0.730530
0.730597
0.730664
0.730731
0.730797
0.730864
0.730930
0.730997
0.731064
0.731130
0.731197
0.731263
0.731330
0.731396
0.731463
0.731529
0.731596
0.731662
0.731729
0.731795
0.731861
0.731928
0.731994
0.732060
0.732127
0.732193
0.732259
0.732325
0.732391
0.732458
0.732524
0.732590
0.732656
0.732722
0.732788
0.732854
0.732920
0.732986
0.733052
0.733118
0.733184
0.733250
0.733316
0.733382
0.733448
0.733514
0.733580
0.733646
0.733711
0.733777
0.733843
0.733909
0.733974
0.734040
0.734106
0.734172
0.734237
0.734303
0.734368
0.734434
0.734500
0.734565
0.734631
0.734696
0.734762
0.734827
0.734893
0.734958
0.735024
0.735089
0.735154
0.735220
0.735285
0.735350
0.735416
0.735481
0.735546
0.735612
0.735677
0.735742
0.735807
0.735872
0.735938
0.736003
0.736068
0.736133
0.736198
0.736263
0.736328
0.736393
0.736458
0.736523
0.736588
0.736653
0.736718
0.736783
0.736848
0.736913
0.736978
0.737043
0.737107
0.737172
0.737237
0.737302
0.737366
0.737431
0.737496
0.737561
0.737625
0.737690
0.737755
0.737819
0.737884
0.737948
0.738013
0.738078
0.738142
0.738207
0.738271
0.738336
0.738400
0.738464
0.738529
0.738593
0.738658
0.738722
0.738786
0.738851
0.738915
0.738979
0.739044
0.739108
0.739172
0.739236
0.739300
0.739365
0.739429
0.739493
0.739557
0.739621
0.739685
0.739749
0.739813
0.739877
0.739941
0.740005
0.740069
0.740133
0.740197
0.740261
0.740325
0.740389
0.740453
0.740517
0.740581
0.740644
0.740708
0.740772
0.740836
0.740899
0.740963
0.741027
0.741091
0.741154
0.741218
0.741282
0.741345
0.741409
0.741472
0.741536
0.741600
0.741663
0.741727
0.741790
0.741854
0.741917
0.741980
0.742044
0.742107
0.742171
0.742234
0.742297
0.742361
0.742424
0.742487
0.742551
0.742614
0.742677
0.742740
0.742804
0.742867
0.742930
0.742993
0.743056
0.743119
0.743182
0.743246
0.743309
0.743372
0.743435
0.743498
0.743561
0.743624
0.743687
0.743750
0.743813
0.743875
0.743938
0.744001
0.744064
0.744127
0.744190
0.744253
0.744315
0.744378
0.744441
0.744504
0.744566
0.744629
0.744692
0.744754
0.744817
0.744880
0.744942
0.745005
0.745068
0.745130
0.745193
0.745255
0.745318
0.745380
0.745443
0.745505
0.745568
0.745630
0.745692
0.745755
0.745817
0.745880
0.745942
0.746004
0.746067
0.746129
0.746191
0.746253
0.746316
0.746378
0.746440
0.746502
0.746564
0.746627
0.746689
0.746751
0.746813
0.746875
0.746937
0.746999
0.747061
0.747123
0.747185
0.747247
0.747309
0.747371
0.747433
0.747495
0.747557
0.747619
0.747681
0.747742
0.747804
0.747866
0.747928
0.747990
0.748051
0.748113
0.748175
0.748237
0.748298
0.748360
0.748422
0.748483
0.748545
0.748607
0.748668
0.748730
0.748791
0.748853
0.748914
0.748976
0.749038
0.749099
0.749160
0.749222
0.749283
0.749345
0.749406
0.749468
0.749529
0.749590
0.749652
0.749713
0.749774
0.749836
0.749897
0.749958
0.750019
0.750081
0.750142
0.750203
0.750264
0.750325
0.750386
0.750447
0.750509
0.750570
0.750631
0.750692
0.750753
0.750814
0.750875
0.750936
0.750997
0.751058
0.751119
0.751180
0.751241
0.751302
0.751362
0.751423
0.751484
0.751545
0.751606
0.751667
0.751727
0.751788
0.751849
0.751910
0.751970
0.752031
0.752092
0.752152
0.752213
0.752274
0.752334
0.752395
0.752455
0.752516
0.752577
0.752637
0.752698
0.752758
0.752819
0.752879
0.752940
0.753000
0.753060
0.753121
0.753181
0.753242
0.753302
0.753362
0.753423
0.753483
0.753543
0.753604
0.753664
0.753724
0.753784
0.753845
0.753905
0.753965
0.754025
0.754085
0.754145
0.754206
0.754266
0.754326
0.754386
0.754446
0.754506
0.754566
0.754626
0.754686
0.754746
0.754806
0.754866
0.754926
0.754986
0.755046
0.755106
0.755166
0.755225
0.755285
0.755345
0.755405
0.755465
0.755524
0.755584
0.755644
0.755704
0.755763
0.755823
0.755883
0.755943
0.756002
0.756062
0.756121
0.756181
0.756241
0.756300
0.756360
0.756419
0.756479
0.756538
0.756598
0.756657
0.756717
0.756776
0.756836
0.756895
0.756955
0.757014
0.757073
0.757133
0.757192
0.757251
0.757311
0.757370
0.757429
0.757489
0.757548
0.757607
0.757666
0.757726
0.757785
0.757844
0.757903
0.757962
0.758021
0.758081
0.758140
0.758199
0.758258
0.758317
0.758376
0.758435
0.758494
0.758553
0.758612
0.758671
0.758730
0.758789
0.758848
0.758907
0.758966
0.759024
0.759083
0.759142
0.759201
0.759260
0.759319
0.759377
0.759436
0.759495
0.759554
0.759612
0.759671
0.759730
0.759789
0.759847
0.759906
0.759965
0.760023
0.760082
0.760140
0.760199
0.760258
0.760316
0.760375
0.760433
0.760492
0.760550
0.760609
0.760667
0.760726
0.760784
0.760842
0.760901
0.760959
0.761018
0.761076
0.761134
0.761193
0.761251
0.761309
0.761368
0.761426
0.761484
0.761542
0.761601
0.761659
0.761717
0.761775
0.761833
0.761891
0.761950
0.762008
0.762066
0.762124
0.762182
0.762240
0.762298
0.762356
0.762414
0.762472
0.762530
0.762588
0.762646
0.762704
0.762762
0.762820
0.762878
0.762936
0.762994
0.763052
0.763109
0.763167
0.763225
0.763283
0.763341
0.763398
0.763456
0.763514
0.763572
0.763629
0.763687
0.763745
0.763802
0.763860
0.763918
0.763975
0.764033
0.764091
0.764148
0.764206
0.764263
0.764321
0.764378
0.764436
0.764493
0.764551
0.764608
0.764666
0.764723
0.764781
0.764838
0.764896
0.764953
0.765010
0.765068
0.765125
0.765182
0.765240
0.765297
0.765354
0.765412
0.765469
0.765526
0.765583
0.765641
0.765698
0.765755
0.765812
0.765869
0.765927
0.765984
0.766041
0.766098
0.766155
0.766212
0.766269
0.766326
0.766383
0.766440
0.766497
0.766554
0.766611
0.766668
0.766725
0.766782
0.766839
0.766896
0.766953
0.767010
0.767067
0.767123
0.767180
0.767237
0.767294
0.767351
0.767408
0.767464
0.767521
0.767578
0.767635
0.767691
0.767748
0.767805
0.767861
0.767918
0.767975
0.768031
0.768088
0.768145
0.768201
0.768258
0.768314
0.768371
0.768427
0.768484
0.768540
0.768597
0.768653
0.768710
0.768766
0.768823
0.768879
0.768936
0.768992
0.769048
0.769105
0.769161
0.769218
0.769274
0.769330
0.769387
0.769443
0.769499
0.769555
0.769612
0.769668
0.769724
0.769780
0.769836
0.769893
0.769949
0.770005
0.770061
0.770117
0.770173
0.770230
0.770286
0.770342
0.770398
0.770454
0.770510
0.770566
0.770622
0.770678
0.770734
0.770790
0.770846
0.770902
0.770958
0.771014
0.771069
0.771125
0.771181
0.771237
0.771293
0.771349
0.771405
0.771460
0.771516
0.771572
0.771628
0.771684
0.771739
0.771795
0.771851
0.771906
0.771962
0.772018
0.772073
0.772129
0.772185
0.772240
0.772296
0.772352
0.772407
0.772463
0.772518
0.772574
0.772629
0.772685
0.772740
0.772796
0.772851
0.772907
0.772962
0.773018
0.773073
0.773129
0.773184
0.773239
0.773295
0.773350
0.773405
0.773461
0.773516
0.773571
0.773627
0.773682
0.773737
0.773793
0.773848
0.773903
0.773958
0.774013
0.774069
0.774124
0.774179
0.774234
0.774289
0.774344
0.774400
0.774455
0.774510
0.774565
0.774620
0.774675
0.774730
0.774785
0.774840
0.774895
0.774950
0.775005
0.775060
0.775115
0.775170
0.775225
0.775280
0.775335
0.775389
0.775444
0.775499
0.775554
0.775609
0.775664
0.775718
0.775773
0.775828
0.775883
0.775938
0.775992
0.776047
0.776102
0.776156
0.776211
0.776266
0.776320
0.776375
0.776430
0.776484
0.776539
0.776594
0.776648
0.776703
0.776757
0.776812
0.776866
0.776921
0.776975
0.777030
0.777084
0.777139
0.777193
0.777248
0.777302
0.777357
0.777411
0.777466
0.777520
0.777574
0.777629
0.777683
0.777737
0.777792
0.777846
0.777900
0.777955
0.778009
0.778063
0.778117
0.778172
0.778226
0.778280
0.778334
0.778388
0.778443
0.778497
0.778551
0.778605
0.778659
0.778713
0.778767
0.778821
0.778876
0.778930
0.778984
0.779038
0.779092
0.779146
0.779200
0.779254
0.779308
0.779362
0.779416
0.779470
0.779523
0.779577
0.779631
0.779685
0.779739
0.779793
0.779847
0.779901
0.779954
0.780008
0.780062
0.780116
0.780170
0.780223
0.780277
0.780331
0.780385
0.780438
0.780492
0.780546
0.780599
0.780653
0.780707
0.780760
0.780814
0.780868
0.780921
0.780975
0.781028
0.781082
0.781136
0.781189
0.781243
0.781296
0.781350
0.781403
0.781457
0.781510
0.781564
0.781617
0.781670
0.781724
0.781777
0.781831
0.781884
0.781937
0.781991
0.782044
0.782098
0.782151
0.782204
0.782258
0.782311
0.782364
0.782417
0.782471
0.782524
0.782577
0.782630
0.782684
0.782737
0.782790
0.782843
0.782896
0.782949
0.783003
0.783056
0.783109
0.783162
0.783215
0.783268
0.783321
0.783374
0.783427
0.783480
0.783533
0.783586
0.783639
0.783692
0.783745
0.783798
0.783851
0.783904
0.783957
0.784010
0.784063
0.784116
0.784169
0.784221
0.784274
0.784327
0.784380
0.784433
0.784486
0.784538
0.784591
0.784644
0.784697
0.784749
0.784802
0.784855
0.784908
0.784960
0.785013
0.785066
0.785118
0.785171
0.785224
0.785276
0.785329
0.785382
0.785434
0.785487
0.785539
0.785592
0.785644
0.785697
0.785749
0.785802
0.785854
0.785907
0.785959
0.786012
0.786064
0.786117
0.786169
0.786222
0.786274
0.786326
0.786379
0.786431
0.786484
0.786536
0.786588
0.786641
0.786693
0.786745
0.786798
0.786850
0.786902
0.786954
0.787007
0.787059
0.787111
0.787163
0.787215
0.787268
0.787320
0.787372
0.787424
0.787476
0.787528
0.787581
0.787633
0.787685
0.787737
0.787789
0.787841
0.787893
0.787945
0.787997
0.788049
0.788101
0.788153
0.788205
0.788257
0.788309
0.788361
0.788413
0.788465
0.788517
0.788569
0.788621
0.788672
0.788724
0.788776
0.788828
0.788880
0.788932
0.788984
0.789035
0.789087
0.789139
0.789191
0.789242
0.789294
0.789346
0.789398
0.789449
0.789501
0.789553
0.789604
0.789656
0.789708
0.789759
0.789811
0.789863
0.789914
0.789966
0.790018
0.790069
0.790121
0.790172
0.790224
0.790275
0.790327
0.790378
0.790430
0.790481
0.790533
0.790584
0.790636
0.790687
0.790739
0.790790
0.790841
0.790893
0.790944
0.790996
0.791047
0.791098
0.791150
0.791201
0.791252
0.791304
0.791355
0.791406
0.791458
0.791509
0.791560
0.791611
0.791663
0.791714
0.791765
0.791816
0.791867
0.791919
0.791970
0.792021
0.792072
0.792123
0.792174
0.792225
0.792277
0.792328
0.792379
0.792430
0.792481
0.792532
0.792583
0.792634
0.792685
0.792736
0.792787
0.792838
0.792889
0.792940
0.792991
0.793042
0.793093
0.793144
0.793195
0.793246
0.793296
0.793347
0.793398
0.793449
0.793500
0.793551
0.793602
0.793652
0.793703
0.793754
0.793805
0.793855
0.793906
0.793957
0.794008
0.794058
0.794109
0.794160
0.794211
0.794261
0.794312
0.794363
0.794413
0.794464
0.794515
0.794565
0.794616
0.794666
0.794717
0.794767
0.794818
0.794869
0.794919
0.794970
0.795020
0.795071
0.795121
0.795172
0.795222
0.795273
0.795323
0.795374
0.795424
0.795474
0.795525
0.795575
0.795626
0.795676
0.795726
0.795777
0.795827
0.795877
0.795928
0.795978
0.796028
0.796079
0.796129
0.796179
0.796230
0.796280
0.796330
0.796380
0.796431
0.796481
0.796531
0.796581
0.796631
0.796682
0.796732
0.796782
0.796832
0.796882
0.796932
0.796982
0.797032
0.797083
0.797133
0.797183
0.797233
0.797283
0.797333
0.797383
0.797433
0.797483
0.797533
0.797583
0.797633
0.797683
0.797733
0.797783
0.797833
0.797883
0.797933
0.797982
0.798032
0.798082
0.798132
0.798182
0.798232
0.798282
0.798331
0.798381
0.798431
0.798481
0.798531
0.798580
0.798630
0.798680
0.798730
0.798779
0.798829
0.798879
0.798929
0.798978
0.799028
0.799078
0.799127
0.799177
0.799227
0.799276
0.799326
0.799376
0.799425
0.799475
0.799524
0.799574
0.799623
0.799673
0.799723
0.799772
0.799822
0.799871
0.799921
0.799970
0.800020
0.800069
0.800119
0.800168
0.800217
0.800267
0.800316
0.800366
0.800415
0.800464
0.800514
0.800563
0.800613
0.800662
0.800711
0.800761
0.800810
0.800859
0.800909
0.800958
0.801007
0.801056
0.801106
0.801155
0.801204
0.801253
0.801303
0.801352
0.801401
0.801450
0.801499
0.801549
0.801598
0.801647
0.801696
0.801745
0.801794
0.801843
0.801892
0.801942
0.801991
0.802040
0.802089
0.802138
0.802187
0.802236
0.802285
0.802334
0.802383
0.802432
0.802481
0.802530
0.802579
0.802628
0.802677
0.802726
0.802775
0.802823
0.802872
0.802921
0.802970
0.803019
0.803068
0.803117
0.803166
0.803214
0.803263
0.803312
0.803361
0.803410
0.803458
0.803507
0.803556
0.803605
0.803653
0.803702
0.803751
0.803800
0.803848
0.803897
0.803946
0.803994
0.804043
0.804092
0.804140
0.804189
0.804238
0.804286
0.804335
0.804383
0.804432
0.804481
0.804529
0.804578
0.804626
0.804675
0.804723
0.804772
0.804820
0.804869
0.804917
0.804966
0.805014
0.805063
0.805111
0.805160
0.805208
0.805256
0.805305
0.805353
0.805402
0.805450
0.805498
0.805547
0.805595
0.805644
0.805692
0.805740
0.805788
0.805837
0.805885
0.805933
0.805982
0.806030
0.806078
0.806126
0.806175
0.806223
0.806271
0.806319
0.806368
0.806416
0.806464
0.806512
0.806560
0.806608
0.806657
0.806705
0.806753
0.806801
0.806849
0.806897
0.806945
0.806993
0.807041
0.807089
0.807137
0.807185
0.807233
0.807281
0.807330
0.807378
0.807425
0.807473
0.807521
0.807569
0.807617
0.807665
0.807713
0.807761
0.807809
0.807857
0.807905
0.807953
0.808001
0.808049
0.808096
0.808144
0.808192
0.808240
0.808288
0.808336
0.808383
0.808431
0.808479
0.808527
0.808574
0.808622
0.808670
0.808718
0.808765
0.808813
0.808861
0.808909
0.808956
0.809004
0.809052
0.809099
0.809147
0.809195
0.809242
0.809290
0.809337
0.809385
0.809433
0.809480
0.809528
0.809575
0.809623
0.809670
0.809718
0.809765
0.809813
0.809861
0.809908
0.809956
0.810003
0.810050
0.810098
0.810145
0.810193
0.810240
0.810288
0.810335
0.810383
0.810430
0.810477
0.810525
0.810572
0.810619
0.810667
0.810714
0.810761
0.810809
0.810856
0.810903
0.810951
0.810998
0.811045
0.811093
0.811140
0.811187
0.811234
0.811282
0.811329
0.811376
0.811423
0.811470
0.811518
0.811565
0.811612
0.811659
0.811706
0.811753
0.811801
0.811848
0.811895
0.811942
0.811989
0.812036
0.812083
0.812130
0.812177
0.812224
0.812271
0.812318
0.812365
0.812412
0.812460
0.812507
0.812553
0.812600
0.812647
0.812694
0.812741
0.812788
0.812835
0.812882
0.812929
0.812976
0.813023
0.813070
0.813117
0.813164
0.813210
0.813257
0.813304
0.813351
0.813398
0.813445
0.813491
0.813538
0.813585
0.813632
0.813679
0.813725
0.813772
0.813819
0.813866
0.813912
0.813959
0.814006
0.814052
0.814099
0.814146
0.814192
0.814239
0.814286
0.814332
0.814379
0.814426
0.814472
0.814519
0.814566
0.814612
0.814659
0.814705
0.814752
0.814798
0.814845
0.814892
0.814938
0.814985
0.815031
0.815078
0.815124
0.815171
0.815217
0.815264
0.815310
0.815356
0.815403
0.815449
0.815496
0.815542
0.815589
0.815635
0.815681
0.815728
0.815774
0.815821
0.815867
0.815913
0.815960
0.816006
0.816052
0.816099
0.816145
0.816191
0.816237
0.816284
0.816330
0.816376
0.816422
0.816469
0.816515
0.816561
0.816607
0.816654
0.816700
0.816746
0.816792
0.816838
0.816885
0.816931
0.816977
0.817023
0.817069
0.817115
0.817161
0.817207
0.817254
0.817300
0.817346
0.817392
0.817438
0.817484
0.817530
0.817576
0.817622
0.817668
0.817714
0.817760
0.817806
0.817852
0.817898
0.817944
0.817990
0.818036
0.818082
0.818128
0.818174
0.818220
0.818265
0.818311
0.818357
0.818403
0.818449
0.818495
0.818541
0.818587
0.818632
0.818678
0.818724
0.818770
0.818816
0.818861
0.818907
0.818953
0.818999
0.819045
0.819090
0.819136
0.819182
0.819227
0.819273
0.819319
0.819365
0.819410
0.819456
0.819502
0.819547
0.819593
0.819639
0.819684
0.819730
0.819776
0.819821
0.819867
0.819912
0.819958
0.820004
0.820049
0.820095
0.820140
0.820186
0.820231
0.820277
0.820322
0.820368
0.820413
0.820459
0.820504
0.820550
0.820595
0.820641
0.820686
0.820732
0.820777
0.820823
0.820868
0.820913
0.820959
0.821004
0.821050
0.821095
0.821140
0.821186
0.821231
0.821276
0.821322
0.821367
0.821412
0.821458
0.821503
0.821548
0.821594
0.821639
0.821684
0.821729
0.821775
0.821820
0.821865
0.821910
0.821956
0.822001
0.822046
0.822091
0.822136
0.822182
0.822227
0.822272
0.822317
0.822362
0.822407
0.822453
0.822498
0.822543
0.822588
0.822633
0.822678
0.822723
0.822768
0.822813
0.822858
0.822903
0.822948
0.822993
0.823038
0.823083
0.823129
0.823174
0.823218
0.823263
0.823308
0.823353
0.823398
0.823443
0.823488
0.823533
0.823578
0.823623
0.823668
0.823713
0.823758
0.823803
0.823848
0.823892
0.823937
0.823982
0.824027
0.824072
0.824117
0.824161
0.824206
0.824251
0.824296
0.824341
0.824385
0.824430
0.824475
0.824520
0.824564
0.824609
0.824654
0.824699
0.824743
0.824788
0.824833
0.824877
0.824922
0.824967
0.825011
0.825056
0.825101
0.825145
0.825190
0.825235
0.825279
0.825324
0.825368
0.825413
0.825458
0.825502
0.825547
0.825591
0.825636
0.825680
0.825725
0.825770
0.825814
0.825859
0.825903
0.825948
0.825992
0.826037
0.826081
0.826125
0.826170
0.826214
0.826259
0.826303
0.826348
0.826392
0.826436
0.826481
0.826525
0.826570
0.826614
0.826658
0.826703
0.826747
0.826791
0.826836
0.826880
0.826924
0.826969
0.827013
0.827057
0.827102
0.827146
0.827190
0.827234
0.827279
0.827323
0.827367
0.827411
0.827456
0.827500
0.827544
0.827588
0.827633
0.827677
0.827721
0.827765
0.827809
0.827853
0.827898
0.827942
0.827986
0.828030
0.828074
0.828118
0.828162
0.828206
0.828250
0.828295
0.828339
0.828383
0.828427
0.828471
0.828515
0.828559
0.828603
0.828647
0.828691
0.828735
0.828779
0.828823
0.828867
0.828911
0.828955
0.828999
0.829043
0.829087
0.829130
0.829174
0.829218
0.829262
0.829306
0.829350
0.829394
0.829438
0.829482
0.829526
0.829569
0.829613
0.829657
0.829701
0.829745
0.829788
0.829832
0.829876
0.829920
0.829964
0.830007
0.830051
0.830095
0.830139
0.830182
0.830226
0.830270
0.830314
0.830357
0.830401
0.830445
0.830488
0.830532
0.830576
0.830619
0.830663
0.830707
0.830750
0.830794
0.830838
0.830881
0.830925
0.830969
0.831012
0.831056
0.831099
0.831143
0.831186
0.831230
0.831274
0.831317
0.831361
0.831404
0.831448
0.831491
0.831535
0.831578
0.831622
0.831665
0.831709
0.831752
0.831796
0.831839
0.831882
0.831926
0.831969
0.832013
0.832056
0.832100
0.832143
0.832186
0.832230
0.832273
0.832317
0.832360
0.832403
0.832447
0.832490
0.832533
0.832577
0.832620
0.832663
0.832706
0.832750
0.832793
0.832836
0.832880
0.832923
0.832966
0.833009
0.833053
0.833096
0.833139
0.833182
0.833226
0.833269
0.833312
0.833355
0.833398
0.833441
0.833485
0.833528
0.833571
0.833614
0.833657
0.833700
0.833743
0.833787
0.833830
0.833873
0.833916
0.833959
0.834002
0.834045
0.834088
0.834131
0.834174
0.834217
0.834260
0.834303
0.834346
0.834389
0.834432
0.834475
0.834518
0.834561
0.834604
0.834647
0.834690
0.834733
0.834776
0.834819
0.834862
0.834905
0.834948
0.834991
0.835034
0.835077
0.835119
0.835162
0.835205
0.835248
0.835291
0.835334
0.835377
0.835419
0.835462
0.835505
0.835548
0.835591
0.835633
0.835676
0.835719
0.835762
0.835805
0.835847
0.835890
0.835933
0.835976
0.836018
0.836061
0.836104
0.836146
0.836189
0.836232
0.836275
0.836317
0.836360
0.836403
0.836445
0.836488
0.836531
0.836573
0.836616
0.836658
0.836701
0.836744
0.836786
0.836829
0.836871
0.836914
0.836957
0.836999
0.837042
0.837084
0.837127
0.837169
0.837212
0.837254
0.837297
0.837339
0.837382
0.837424
0.837467
0.837509
0.837552
0.837594
0.837637
0.837679
0.837722
0.837764
0.837806
0.837849
0.837891
0.837934
0.837976
0.838018
0.838061
0.838103
0.838146
0.838188
0.838230
0.838273
0.838315
0.838357
0.838400
0.838442
0.838484
0.838527
0.838569
0.838611
0.838653
0.838696
0.838738
0.838780
0.838823
0.838865
0.838907
0.838949
0.838991
0.839034
0.839076
0.839118
0.839160
0.839202
0.839245
0.839287
0.839329
0.839371
0.839413
0.839455
0.839498
0.839540
0.839582
0.839624
0.839666
0.839708
0.839750
0.839792
0.839834
0.839877
0.839919
0.839961
0.840003
0.840045
0.840087
0.840129
0.840171
0.840213
0.840255
0.840297
0.840339
0.840381
0.840423
0.840465
0.840507
0.840549
0.840591
0.840633
0.840675
0.840717
0.840759
0.840800
0.840842
0.840884
0.840926
0.840968
0.841010
0.841052
0.841094
0.841136
0.841177
0.841219
0.841261
0.841303
0.841345
0.841387
0.841428
0.841470
0.841512
0.841554
0.841596
0.841637
0.841679
0.841721
0.841763
0.841805
0.841846
0.841888
0.841930
0.841971
0.842013
0.842055
0.842097
0.842138
0.842180
0.842222
0.842263
0.842305
0.842347
0.842388
0.842430
0.842472
0.842513
0.842555
0.842597
0.842638
0.842680
0.842721
0.842763
0.842805
0.842846
0.842888
0.842929
0.842971
0.843012
0.843054
0.843096
0.843137
0.843179
0.843220
0.843262
0.843303
0.843345
0.843386
0.843428
0.843469
0.843511
0.843552
0.843593
0.843635
0.843676
0.843718
0.843759
0.843801
0.843842
0.843884
0.843925
0.843966
0.844008
0.844049
0.844090
0.844132
0.844173
0.844215
0.844256
0.844297
0.844339
0.844380
0.844421
0.844463
0.844504
0.844545
0.844586
0.844628
0.844669
0.844710
0.844752
0.844793
0.844834
0.844875
0.844917
0.844958
0.844999
0.845040
0.845081
0.845123
0.845164
0.845205
0.845246
0.845287
0.845329
0.845370
0.845411
0.845452
0.845493
0.845534
0.845576
0.845617
0.845658
0.845699
0.845740
0.845781
0.845822
0.845863
0.845904
0.845945
0.845987
0.846028
0.846069
0.846110
0.846151
0.846192
0.846233
0.846274
0.846315
0.846356
0.846397
0.846438
0.846479
0.846520
0.846561
0.846602
0.846643
0.846684
0.846725
0.846766
0.846806
0.846847
0.846888
0.846929
0.846970
0.847011
0.847052
0.847093
0.847134
0.847175
0.847215
0.847256
0.847297
0.847338
0.847379
0.847420
0.847461
0.847501
0.847542
0.847583
0.847624
0.847665
0.847705
0.847746
0.847787
0.847828
0.847868
0.847909
0.847950
0.847991
0.848031
0.848072
0.848113
0.848154
0.848194
0.848235
0.848276
0.848316
0.848357
0.848398
0.848438
0.848479
0.848520
0.848560
0.848601
0.848642
0.848682
0.848723
0.848764
0.848804
0.848845
0.848885
0.848926
0.848967
0.849007
0.849048
0.849088
0.849129
0.849169
0.849210
0.849251
0.849291
0.849332
0.849372
0.849413
0.849453
0.849494
0.849534
0.849575
0.849615
0.849656
0.849696
0.849736
0.849777
0.849817
0.849858
0.849898
0.849939
0.849979
0.850020
0.850060
0.850100
0.850141
0.850181
0.850222
0.850262
0.850302
0.850343
0.850383
0.850423
0.850464
0.850504
0.850544
0.850585
0.850625
0.850665
0.850706
0.850746
0.850786
0.850827
0.850867
0.850907
0.850947
0.850988
0.851028
0.851068
0.851108
0.851149
0.851189
0.851229
0.851269
0.851310
0.851350
0.851390
0.851430
0.851470
0.851510
0.851551
0.851591
0.851631
0.851671
0.851711
0.851751
0.851792
0.851832
0.851872
0.851912
0.851952
0.851992
0.852032
0.852072
0.852112
0.852153
0.852193
0.852233
0.852273
0.852313
0.852353
0.852393
0.852433
0.852473
0.852513
0.852553
0.852593
0.852633
0.852673
0.852713
0.852753
0.852793
0.852833
0.852873
0.852913
0.852953
0.852993
0.853033
0.853073
0.853113
0.853152
0.853192
0.853232
0.853272
0.853312
0.853352
0.853392
0.853432
0.853472
0.853511
0.853551
0.853591
0.853631
0.853671
0.853711
0.853751
0.853790
0.853830
0.853870
0.853910
0.853950
0.853989
0.854029
0.854069
0.854109
0.854148
0.854188
0.854228
0.854268
0.854307
0.854347
0.854387
0.854427
0.854466
0.854506
0.854546
0.854586
0.854625
0.854665
0.854705
0.854744
0.854784
0.854824
0.854863
0.854903
0.854943
0.854982
0.855022
0.855061
0.855101
0.855141
0.855180
0.855220
0.855259
0.855299
0.855339
0.855378
0.855418
0.855457
0.855497
0.855536
0.855576
0.855615
0.855655
0.855695
0.855734
0.855774
0.855813
0.855853
0.855892
0.855932
0.855971
0.856011
0.856050
0.856089
0.856129
0.856168
0.856208
0.856247
0.856287
0.856326
0.856366
0.856405
0.856444
0.856484
0.856523
0.856563
0.856602
0.856641
0.856681
0.856720
0.856759
0.856799
0.856838
0.856877
0.856917
0.856956
0.856995
0.857035
0.857074
0.857113
0.857153
0.857192
0.857231
0.857271
0.857310
0.857349
0.857388
0.857428
0.857467
0.857506
0.857545
0.857585
0.857624
0.857663
0.857702
0.857741
0.857781
0.857820
0.857859
0.857898
0.857937
0.857977
0.858016
0.858055
0.858094
0.858133
0.858172
0.858212
0.858251
0.858290
0.858329
0.858368
0.858407
0.858446
0.858485
0.858524
0.858563
0.858603
0.858642
0.858681
0.858720
0.858759
0.858798
0.858837
0.858876
0.858915
0.858954
0.858993
0.859032
0.859071
0.859110
0.859149
0.859188
0.859227
0.859266
0.859305
0.859344
0.859383
0.859422
0.859461
0.859500
0.859539
0.859578
0.859616
0.859655
0.859694
0.859733
0.859772
0.859811
0.859850
0.859889
0.859928
0.859967
0.860005
0.860044
0.860083
0.860122
0.860161
0.860200
0.860238
0.860277
0.860316
0.860355
0.860394
0.860432
0.860471
0.860510
0.860549
0.860588
0.860626
0.860665
0.860704
0.860743
0.860781
0.860820
0.860859
0.860898
0.860936
0.860975
0.861014
0.861052
0.861091
0.861130
0.861169
0.861207
0.861246
0.861285
0.861323
0.861362
0.861401
0.861439
0.861478
0.861516
0.861555
0.861594
0.861632
0.861671
0.861710
0.861748
0.861787
0.861825
0.861864
0.861902
0.861941
0.861980
0.862018
0.862057
0.862095
0.862134
0.862172
0.862211
0.862249
0.862288
0.862326
0.862365
0.862403
0.862442
0.862480
0.862519
0.862557
0.862596
0.862634
0.862673
0.862711
0.862750
0.862788
0.862827
0.862865
0.862903
0.862942
0.862980
0.863019
0.863057
0.863096
0.863134
0.863172
0.863211
0.863249
0.863287
0.863326
0.863364
0.863402
0.863441
0.863479
0.863518
0.863556
0.863594
0.863632
0.863671
0.863709
0.863747
0.863786
0.863824
0.863862
0.863901
0.863939
0.863977
0.864015
0.864054
0.864092
0.864130
0.864168
0.864207
0.864245
0.864283
0.864321
0.864359
0.864398
0.864436
0.864474
0.864512
0.864550
0.864589
0.864627
0.864665
0.864703
0.864741
0.864779
0.864818
0.864856
0.864894
0.864932
0.864970
0.865008
0.865046
0.865084
0.865122
0.865161
0.865199
0.865237
0.865275
0.865313
0.865351
0.865389
0.865427
0.865465
0.865503
0.865541
0.865579
0.865617
0.865655
0.865693
0.865731
0.865769
0.865807
0.865845
0.865883
0.865921
0.865959
0.865997
0.866035
0.866073
0.866111
0.866149
0.866187
0.866225
0.866263
0.866301
0.866339
0.866376
0.866414
0.866452
0.866490
0.866528
0.866566
0.866604
0.866642
0.866680
0.866717
0.866755
0.866793
0.866831
0.866869
0.866907
0.866944
0.866982
0.867020
0.867058
0.867096
0.867133
0.867171
0.867209
0.867247
0.867285
0.867322
0.867360
0.867398
0.867436
0.867473
0.867511
0.867549
0.867587
0.867624
0.867662
0.867700
0.867738
0.867775
0.867813
0.867851
0.867888
0.867926
0.867964
0.868001
0.868039
0.868077
0.868114
0.868152
0.868190
0.868227
0.868265
0.868303
0.868340
0.868378
0.868415
0.868453
0.868491
0.868528
0.868566
0.868603
0.868641
0.868679
0.868716
0.868754
0.868791
0.868829
0.868866
0.868904
0.868941
0.868979
0.869016
0.869054
0.869091
0.869129
0.869166
0.869204
0.869241
0.869279
0.869316
0.869354
0.869391
0.869429
0.869466
0.869504
0.869541
0.869579
0.869616
0.869654
0.869691
0.869728
0.869766
0.869803
0.869841
0.869878
0.869915
0.869953
0.869990
0.870028
0.870065
0.870102
0.870140
0.870177
0.870214
0.870252
0.870289
0.870326
0.870364
0.870401
0.870438
0.870476
0.870513
0.870550
0.870588
0.870625
0.870662
0.870699
0.870737
0.870774
0.870811
0.870849
0.870886
0.870923
0.870960
0.870997
0.871035
0.871072
0.871109
0.871146
0.871184
0.871221
0.871258
0.871295
0.871332
0.871370
0.871407
0.871444
0.871481
0.871518
0.871555
0.871593
0.871630
0.871667
0.871704
0.871741
0.871778
0.871815
0.871853
0.871890
0.871927
0.871964
0.872001
0.872038
0.872075
0.872112
0.872149
0.872186
0.872223
0.872260
0.872297
0.872335
0.872372
0.872409
0.872446
0.872483
0.872520
0.872557
0.872594
0.872631
0.872668
0.872705
0.872742
0.872779
0.872816
0.872853
0.872890
0.872927
0.872963
0.873000
0.873037
0.873074
0.873111
0.873148
0.873185
0.873222
0.873259
0.873296
0.873333
0.873370
0.873407
0.873443
0.873480
0.873517
0.873554
0.873591
0.873628
0.873665
0.873702
0.873738
0.873775
0.873812
0.873849
0.873886
0.873923
0.873959
0.873996
0.874033
0.874070
0.874107
0.874143
0.874180
0.874217
0.874254
0.874290
0.874327
0.874364
0.874401
0.874437
0.874474
0.874511
0.874548
0.874584
0.874621
0.874658
0.874695
0.874731
0.874768
0.874805
0.874841
0.874878
0.874915
0.874951
0.874988
0.875025
0.875061
0.875098
0.875135
0.875171
0.875208
0.875245
0.875281
0.875318
0.875354
0.875391
0.875428
0.875464
0.875501
0.875537
0.875574
0.875611
0.875647
0.875684
0.875720
0.875757
0.875793
0.875830
0.875867
0.875903
0.875940
0.875976
0.876013
0.876049
0.876086
0.876122
0.876159
0.876195
0.876232
0.876268
0.876305
0.876341
0.876378
0.876414
0.876451
0.876487
0.876523
0.876560
0.876596
0.876633
0.876669
0.876706
0.876742
0.876779
0.876815
0.876851
0.876888
0.876924
0.876961
0.876997
0.877033
0.877070
0.877106
0.877142
0.877179
0.877215
0.877251
0.877288
0.877324
0.877360
0.877397
0.877433
0.877469
0.877506
0.877542
0.877578
0.877615
0.877651
0.877687
0.877724
0.877760
0.877796
0.877832
0.877869
0.877905
0.877941
0.877977
0.878014
0.878050
0.878086
0.878122
0.878159
0.878195
0.878231
0.878267
0.878303
0.878340
0.878376
0.878412
0.878448
0.878484
0.878521
0.878557
0.878593
0.878629
0.878665
0.878701
0.878738
0.878774
0.878810
0.878846
0.878882
0.878918
0.878954
0.878990
0.879026
0.879063
0.879099
0.879135
0.879171
0.879207
0.879243
0.879279
0.879315
0.879351
0.879387
0.879423
0.879459
0.879495
0.879531
0.879567
0.879603
0.879639
0.879676
0.879712
0.879748
0.879784
0.879820
0.879856
0.879891
0.879927
0.879963
0.879999
0.880035
0.880071
0.880107
0.880143
0.880179
0.880215
0.880251
0.880287
0.880323
0.880359
0.880395
0.880431
0.880467
0.880502
0.880538
0.880574
0.880610
0.880646
0.880682
0.880718
0.880754
0.880789
0.880825
0.880861
0.880897
0.880933
0.880969
0.881005
0.881040
0.881076
0.881112
0.881148
0.881184
0.881219
0.881255
0.881291
0.881327
0.881363
0.881398
0.881434
0.881470
0.881506
0.881541
0.881577
0.881613
0.881649
0.881684
0.881720
0.881756
0.881792
0.881827
0.881863
0.881899
0.881934
0.881970
0.882006
0.882042
0.882077
0.882113
0.882149
0.882184
0.882220
0.882256
0.882291
0.882327
0.882363
0.882398
0.882434
0.882469
0.882505
0.882541
0.882576
0.882612
0.882648
0.882683
0.882719
0.882754
0.882790
0.882825
0.882861
0.882897
0.882932
0.882968
0.883003
0.883039
0.883074
0.883110
0.883146
0.883181
0.883217
0.883252
0.883288
0.883323
0.883359
0.883394
0.883430
0.883465
0.883501
0.883536
0.883572
0.883607
0.883643
0.883678
0.883713
0.883749
0.883784
0.883820
0.883855
0.883891
0.883926
0.883962
0.883997
0.884032
0.884068
0.884103
0.884139
0.884174
0.884209
0.884245
0.884280
0.884316
0.884351
0.884386
0.884422
0.884457
0.884492
0.884528
0.884563
0.884598
0.884634
0.884669
0.884704
0.884740
0.884775
0.884810
0.884846
0.884881
0.884916
0.884952
0.884987
0.885022
0.885058
0.885093
0.885128
0.885163
0.885199
0.885234
0.885269
0.885304
0.885340
0.885375
0.885410
0.885445
0.885481
0.885516
0.885551
0.885586
0.885621
0.885657
0.885692
0.885727
0.885762
0.885797
0.885832
0.885868
0.885903
0.885938
0.885973
0.886008
0.886043
0.886079
0.886114
0.886149
0.886184
0.886219
0.886254
0.886289
0.886324
0.886360
0.886395
0.886430
0.886465
0.886500
0.886535
0.886570
0.886605
0.886640
0.886675
0.886710
0.886745
0.886780
0.886816
0.886851
0.886886
0.886921
0.886956
0.886991
0.887026
0.887061
0.887096
0.887131
0.887166
0.887201
0.887236
0.887271
0.887306
0.887341
0.887376
0.887411
0.887446
0.887481
0.887515
0.887550
0.887585
0.887620
0.887655
0.887690
0.887725
0.887760
0.887795
0.887830
0.887865
0.887900
0.887935
0.887969
0.888004
0.888039
0.888074
0.888109
0.888144
0.888179
0.888214
0.888248
0.888283
0.888318
0.888353
0.888388
0.888423
0.888457
0.888492
0.888527
0.888562
0.888597
0.888631
0.888666
0.888701
0.888736
0.888771
0.888805
0.888840
0.888875
0.888910
0.888944
0.888979
0.889014
0.889049
0.889084
0.889118
0.889153
0.889188
0.889222
0.889257
0.889292
0.889327
0.889361
0.889396
0.889431
0.889465
0.889500
0.889535
0.889569
0.889604
0.889639
0.889673
0.889708
0.889743
0.889777
0.889812
0.889847
0.889881
0.889916
0.889951
0.889985
0.890020
0.890054
0.890089
0.890124
0.890158
0.890193
0.890227
0.890262
0.890297
0.890331
0.890366
0.890400
0.890435
0.890470
0.890504
0.890539
0.890573
0.890608
0.890642
0.890677
0.890711
0.890746
0.890780
0.890815
0.890849
0.890884
0.890918
0.890953
0.890987
0.891022
0.891056
0.891091
0.891125
0.891160
0.891194
0.891229
0.891263
0.891298
0.891332
0.891367
0.891401
0.891435
0.891470
0.891504
0.891539
0.891573
0.891608
0.891642
0.891676
0.891711
0.891745
0.891780
0.891814
0.891848
0.891883
0.891917
0.891951
0.891986
0.892020
0.892054
0.892089
0.892123
0.892158
0.892192
0.892226
0.892261
0.892295
0.892329
0.892363
0.892398
0.892432
0.892466
0.892501
0.892535
0.892569
0.892604
0.892638
0.892672
0.892706
0.892741
0.892775
0.892809
0.892843
0.892878
0.892912
0.892946
0.892980
0.893015
0.893049
0.893083
0.893117
0.893151
0.893186
0.893220
0.893254
0.893288
0.893322
0.893357
0.893391
0.893425
0.893459
0.893493
0.893528
0.893562
0.893596
0.893630
0.893664
0.893698
0.893732
0.893767
0.893801
0.893835
0.893869
0.893903
0.893937
0.893971
0.894005
0.894039
0.894074
0.894108
0.894142
0.894176
0.894210
0.894244
0.894278
0.894312
0.894346
0.894380
0.894414
0.894448
0.894482
0.894516
0.894550
0.894584
0.894618
0.894652
0.894686
0.894720
0.894754
0.894788
0.894822
0.894856
0.894890
0.894924
0.894958
0.894992
0.895026
0.895060
0.895094
0.895128
0.895162
0.895196
0.895230
0.895264
0.895298
0.895332
0.895366
0.895400
0.895434
0.895468
0.895502
0.895535
0.895569
0.895603
0.895637
0.895671
0.895705
0.895739
0.895773
0.895806
0.895840
0.895874
0.895908
0.895942
0.895976
0.896010
0.896043
0.896077
0.896111
0.896145
0.896179
0.896213
0.896246
0.896280
0.896314
0.896348
0.896382
0.896415
0.896449
0.896483
0.896517
0.896551
0.896584
0.896618
0.896652
0.896686
0.896719
0.896753
0.896787
0.896821
0.896854
0.896888
0.896922
0.896956
0.896989
0.897023
0.897057
0.897090
0.897124
0.897158
0.897191
0.897225
0.897259
0.897293
0.897326
0.897360
0.897394
0.897427
0.897461
0.897495
0.897528
0.897562
0.897595
0.897629
0.897663
0.897696
0.897730
0.897764
0.897797
0.897831
0.897864
0.897898
0.897932
0.897965
0.897999
0.898032
0.898066
0.898100
0.898133
0.898167
0.898200
0.898234
0.898267
0.898301
0.898335
0.898368
0.898402
0.898435
0.898469
0.898502
0.898536
0.898569
0.898603
0.898636
0.898670
0.898703
0.898737
0.898770
0.898804
0.898837
0.898871
0.898904
0.898938
0.898971
0.899005
0.899038
0.899072
0.899105
0.899138
0.899172
0.899205
0.899239
0.899272
0.899306
0.899339
0.899372
0.899406
0.899439
0.899473
0.899506
0.899539
0.899573
0.899606
0.899640
0.899673
0.899706
0.899740
0.899773
0.899807
0.899840
0.899873
0.899907
0.899940
0.899973
0.900007
0.900040
0.900073
0.900107
0.900140
0.900173
0.900207
0.900240
0.900273
0.900306
0.900340
0.900373
0.900406
0.900440
0.900473
0.900506
0.900539
0.900573
0.900606
0.900639
0.900673
0.900706
0.900739
0.900772
0.900805
0.900839
0.900872
0.900905
0.900938
0.900972
0.901005
0.901038
0.901071
0.901104
0.901138
0.901171
0.901204
0.901237
0.901270
0.901304
0.901337
0.901370
0.901403
0.901436
0.901469
0.901503
0.901536
0.901569
0.901602
0.901635
0.901668
0.901701
0.901734
0.901768
0.901801
0.901834
0.901867
0.901900
0.901933
0.901966
0.901999
0.902032
0.902066
0.902099
0.902132
0.902165
0.902198
0.902231
0.902264
0.902297
0.902330
0.902363
0.902396
0.902429
0.902462
0.902495
0.902528
0.902561
0.902594
0.902627
0.902660
0.902693
0.902726
0.902759
0.902792
0.902825
0.902858
0.902891
0.902924
0.902957
0.902990
0.903023
0.903056
0.903089
0.903122
0.903155
0.903188
0.903221
0.903254
0.903287
0.903320
0.903353
0.903385
0.903418
0.903451
0.903484
0.903517
0.903550
0.903583
0.903616
0.903649
0.903682
0.903714
0.903747
0.903780
0.903813
0.903846
0.903879
0.903912
0.903944
0.903977
0.904010
0.904043
0.904076
0.904109
0.904141
0.904174
0.904207
0.904240
0.904273
0.904305
0.904338
0.904371
0.904404
0.904437
0.904469
0.904502
0.904535
0.904568
0.904601
0.904633
0.904666
0.904699
0.904732
0.904764
0.904797
0.904830
0.904863
0.904895
0.904928
0.904961
0.904993
0.905026
0.905059
0.905092
0.905124
0.905157
0.905190
0.905222
0.905255
0.905288
0.905320
0.905353
0.905386
0.905418
0.905451
0.905484
0.905516
0.905549
0.905582
0.905614
0.905647
0.905680
0.905712
0.905745
0.905778
0.905810
0.905843
0.905875
0.905908
0.905941
0.905973
0.906006
0.906038
0.906071
0.906104
0.906136
0.906169
0.906201
0.906234
0.906266
0.906299
0.906332
0.906364
0.906397
0.906429
0.906462
0.906494
0.906527
0.906559
0.906592
0.906624
0.906657
0.906689
0.906722
0.906754
0.906787
0.906819
0.906852
0.906884
0.906917
0.906949
0.906982
0.907014
0.907047
0.907079
0.907112
0.907144
0.907177
0.907209
0.907242
0.907274
0.907306
0.907339
0.907371
0.907404
0.907436
0.907469
0.907501
0.907533
0.907566
0.907598
0.907631
0.907663
0.907695
0.907728
0.907760
0.907793
0.907825
0.907857
0.907890
0.907922
0.907954
0.907987
0.908019
0.908051
0.908084
0.908116
0.908149
0.908181
0.908213
0.908245
0.908278
0.908310
0.908342
0.908375
0.908407
0.908439
0.908472
0.908504
0.908536
0.908569
0.908601
0.908633
0.908665
0.908698
0.908730
0.908762
0.908794
0.908827
0.908859
0.908891
0.908923
0.908956
0.908988
0.909020
0.909052
0.909085
0.909117
0.909149
0.909181
0.909213
0.909246
0.909278
0.909310
0.909342
0.909374
0.909407
0.909439
0.909471
0.909503
0.909535
0.909567
0.909600
0.909632
0.909664
0.909696
0.909728
0.909760
0.909793
0.909825
0.909857
0.909889
0.909921
0.909953
0.909985
0.910017
0.910050
0.910082
0.910114
0.910146
0.910178
0.910210
0.910242
0.910274
0.910306
0.910338
0.910370
0.910402
0.910435
0.910467
0.910499
0.910531
0.910563
0.910595
0.910627
0.910659
0.910691
0.910723
0.910755
0.910787
0.910819
0.910851
0.910883
0.910915
0.910947
0.910979
0.911011
0.911043
0.911075
0.911107
0.911139
0.911171
0.911203
0.911235
0.911267
0.911299
0.911331
0.911363
0.911395
0.911427
0.911459
0.911490
0.911522
0.911554
0.911586
0.911618
0.911650
0.911682
0.911714
0.911746
0.911778
0.911810
0.911842
0.911873
0.911905
0.911937
0.911969
0.912001
0.912033
0.912065
0.912097
0.912128
0.912160
0.912192
0.912224
0.912256
0.912288
0.912319
0.912351
0.912383
0.912415
0.912447
0.912479
0.912510
0.912542
0.912574
0.912606
0.912638
0.912669
0.912701
0.912733
0.912765
0.912797
0.912828
0.912860
0.912892
0.912924
0.912955
0.912987
0.913019
0.913051
0.913082
0.913114
0.913146
0.913178
0.913209
0.913241
0.913273
0.913305
0.913336
0.913368
0.913400
0.913431
0.913463
0.913495
0.913527
0.913558
0.913590
0.913622
0.913653
0.913685
0.913717
0.913748
0.913780
0.913812
0.913843
0.913875
0.913907
0.913938
0.913970
0.914002
0.914033
0.914065
0.914096
0.914128
0.914160
0.914191
0.914223
0.914255
0.914286
0.914318
0.914349
0.914381
0.914413
0.914444
0.914476
0.914507
0.914539
0.914570
0.914602
0.914634
0.914665
0.914697
0.914728
0.914760
0.914791
0.914823
0.914854
0.914886
0.914918
0.914949
0.914981
0.915012
0.915044
0.915075
0.915107
0.915138
0.915170
0.915201
0.915233
0.915264
0.915296
0.915327
0.915359
0.915390
0.915422
0.915453
0.915484
0.915516
0.915547
0.915579
0.915610
0.915642
0.915673
0.915705
0.915736
0.915768
0.915799
0.915830
0.915862
0.915893
0.915925
0.915956
0.915987
0.916019
0.916050
0.916082
0.916113
0.916144
0.916176
0.916207
0.916239
0.916270
0.916301
0.916333
0.916364
0.916395
0.916427
0.916458
0.916489
0.916521
0.916552
0.916584
0.916615
0.916646
0.916678
0.916709
0.916740
0.916771
0.916803
0.916834
0.916865
0.916897
0.916928
0.916959
0.916991
0.917022
0.917053
0.917084
0.917116
0.917147
0.917178
0.917210
0.917241
0.917272
0.917303
0.917335
0.917366
0.917397
0.917428
0.917460
0.917491
0.917522
0.917553
0.917584
0.917616
0.917647
0.917678
0.917709
0.917741
0.917772
0.917803
0.917834
0.917865
0.917896
0.917928
0.917959
0.917990
0.918021
0.918052
0.918084
0.918115
0.918146
0.918177
0.918208
0.918239
0.918270
0.918302
0.918333
0.918364
0.918395
0.918426
0.918457
0.918488
0.918519
0.918551
0.918582
0.918613
0.918644
0.918675
0.918706
0.918737
0.918768
0.918799
0.918830
0.918861
0.918893
0.918924
0.918955
0.918986
0.919017
0.919048
0.919079
0.919110
0.919141
0.919172
0.919203
0.919234
0.919265
0.919296
0.919327
0.919358
0.919389
0.919420
0.919451
0.919482
0.919513
0.919544
0.919575
0.919606
0.919637
0.919668
0.919699
0.919730
0.919761
0.919792
0.919823
0.919854
0.919885
0.919916
0.919947
0.919978
0.920009
0.920040
0.920071
0.920102
0.920133
0.920163
0.920194
0.920225
0.920256
0.920287
0.920318
0.920349
0.920380
0.920411
0.920442
0.920473
0.920503
0.920534
0.920565
0.920596
0.920627
0.920658
0.920689
0.920720
0.920750
0.920781
0.920812
0.920843
0.920874
0.920905
0.920935
0.920966
0.920997
0.921028
0.921059
0.921090
0.921120
0.921151
0.921182
0.921213
0.921244
0.921274
0.921305
0.921336
0.921367
0.921398
0.921428
0.921459
0.921490
0.921521
0.921552
0.921582
0.921613
0.921644
0.921675
0.921705
0.921736
0.921767
0.921798
0.921828
0.921859
0.921890
0.921920
0.921951
0.921982
0.922013
0.922043
0.922074
0.922105
0.922135
0.922166
0.922197
0.922228
0.922258
0.922289
0.922320
0.922350
0.922381
0.922412
0.922442
0.922473
0.922504
0.922534
0.922565
0.922596
0.922626
0.922657
0.922688
0.922718
0.922749
0.922779
0.922810
0.922841
0.922871
0.922902
0.922933
0.922963
0.922994
0.923024
0.923055
0.923086
0.923116
0.923147
0.923177
0.923208
0.923238
0.923269
0.923300
0.923330
0.923361
0.923391
0.923422
0.923452
0.923483
0.923514
0.923544
0.923575
0.923605
0.923636
0.923666
0.923697
0.923727
0.923758
0.923788
0.923819
0.923849
0.923880
0.923910
0.923941
0.923971
0.924002
0.924032
0.924063
0.924093
0.924124
0.924154
0.924185
0.924215
0.924246
0.924276
0.924307
0.924337
0.924367
0.924398
0.924428
0.924459
0.924489
0.924520
0.924550
0.924581
0.924611
0.924641
0.924672
0.924702
0.924733
0.924763
0.924793
0.924824
0.924854
0.924885
0.924915
0.924945
0.924976
0.925006
0.925037
0.925067
0.925097
0.925128
0.925158
0.925188
0.925219
0.925249
0.925279
0.925310
0.925340
0.925370
0.925401
0.925431
0.925461
0.925492
0.925522
0.925552
0.925583
0.925613
0.925643
0.925674
0.925704
0.925734
0.925765
0.925795
0.925825
0.925855
0.925886
0.925916
0.925946
0.925977
0.926007
0.926037
0.926067
0.926098
0.926128
0.926158
0.926188
0.926219
0.926249
0.926279
0.926309
0.926340
0.926370
0.926400
0.926430
0.926460
0.926491
0.926521
0.926551
0.926581
0.926611
0.926642
0.926672
0.926702
0.926732
0.926762
0.926793
0.926823
0.926853
0.926883
0.926913
0.926943
0.926974
0.927004
0.927034
0.927064
0.927094
0.927124
0.927155
0.927185
0.927215
0.927245
0.927275
0.927305
0.927335
0.927365
0.927396
0.927426
0.927456
0.927486
0.927516
0.927546
0.927576
0.927606
0.927636
0.927666
0.927697
0.927727
0.927757
0.927787
0.927817
0.927847
0.927877
0.927907
0.927937
0.927967
0.927997
0.928027
0.928057
0.928087
0.928117
0.928147
0.928177
0.928207
0.928237
0.928267
0.928297
0.928327
0.928357
0.928387
0.928417
0.928447
0.928477
0.928507
0.928537
0.928567
0.928597
0.928627
0.928657
0.928687
0.928717
0.928747
0.928777
0.928807
0.928837
0.928867
0.928897
0.928927
0.928957
0.928987
0.929017
0.929047
0.929077
0.929107
0.929137
0.929166
0.929196
0.929226
0.929256
0.929286
0.929316
0.929346
0.929376
0.929406
0.929436
0.929465
0.929495
0.929525
0.929555
0.929585
0.929615
0.929645
0.929675
0.929704
0.929734
0.929764
0.929794
0.929824
0.929854
0.929884
0.929913
0.929943
0.929973
0.930003
0.930033
0.930063
0.930092
0.930122
0.930152
0.930182
0.930212
0.930241
0.930271
0.930301
0.930331
0.930361
0.930390
0.930420
0.930450
0.930480
0.930510
0.930539
0.930569
0.930599
0.930629
0.930658
0.930688
0.930718
0.930748
0.930777
0.930807
0.930837
0.930867
0.930896
0.930926
0.930956
0.930985
0.931015
0.931045
0.931075
0.931104
0.931134
0.931164
0.931193
0.931223
0.931253
0.931282
0.931312
0.931342
0.931372
0.931401
0.931431
0.931461
0.931490
0.931520
0.931550
0.931579
0.931609
0.931639
0.931668
0.931698
0.931727
0.931757
0.931787
0.931816
0.931846
0.931876
0.931905
0.931935
0.931964
0.931994
0.932024
0.932053
0.932083
0.932112
0.932142
0.932172
0.932201
0.932231
0.932260
0.932290
0.932320
0.932349
0.932379
0.932408
0.932438
0.932467
0.932497
0.932527
0.932556
0.932586
0.932615
0.932645
0.932674
0.932704
0.932733
0.932763
0.932792
0.932822
0.932851
0.932881
0.932910
0.932940
0.932969
0.932999
0.933028
0.933058
0.933087
0.933117
0.933146
0.933176
0.933205
0.933235
0.933264
0.933294
0.933323
0.933353
0.933382
0.933412
0.933441
0.933471
0.933500
0.933530
0.933559
0.933588
0.933618
0.933647
0.933677
0.933706
0.933736
0.933765
0.933794
0.933824
0.933853
0.933883
0.933912
0.933941
0.933971
0.934000
0.934030
0.934059
0.934088
0.934118
0.934147
0.934177
0.934206
0.934235
0.934265
0.934294
0.934323
0.934353
0.934382
0.934411
0.934441
0.934470
0.934500
0.934529
0.934558
0.934588
0.934617
0.934646
0.934675
0.934705
0.934734
0.934763
0.934793
0.934822
0.934851
0.934881
0.934910
0.934939
0.934969
0.934998
0.935027
0.935056
0.935086
0.935115
0.935144
0.935174
0.935203
0.935232
0.935261
0.935291
0.935320
0.935349
0.935378
0.935408
0.935437
0.935466
0.935495
0.935525
0.935554
0.935583
0.935612
0.935641
0.935671
0.935700
0.935729
0.935758
0.935788
0.935817
0.935846
0.935875
0.935904
0.935933
0.935963
0.935992
0.936021
0.936050
0.936079
0.936109
0.936138
0.936167
0.936196
0.936225
0.936254
0.936284
0.936313
0.936342
0.936371
0.936400
0.936429
0.936458
0.936488
0.936517
0.936546
0.936575
0.936604
0.936633
0.936662
0.936691
0.936720
0.936750
0.936779
0.936808
0.936837
0.936866
0.936895
0.936924
0.936953
0.936982
0.937011
0.937040
0.937070
0.937099
0.937128
0.937157
0.937186
0.937215
0.937244
0.937273
0.937302
0.937331
0.937360
0.937389
0.937418
0.937447
0.937476
0.937505
0.937534
0.937563
0.937592
0.937621
0.937650
0.937679
0.937708
0.937737
0.937766
0.937795
0.937824
0.937853
0.937882
0.937911
0.937940
0.937969
0.937998
0.938027
0.938056
0.938085
0.938114
0.938143
0.938172
0.938201
0.938230
0.938259
0.938288
0.938317
0.938346
0.938374
0.938403
0.938432
0.938461
0.938490
0.938519
0.938548
0.938577
0.938606
0.938635
0.938664
0.938693
0.938721
0.938750
0.938779
0.938808
0.938837
0.938866
0.938895
0.938924
0.938953
0.938981
0.939010
0.939039
0.939068
0.939097
0.939126
0.939155
0.939183
0.939212
0.939241
0.939270
0.939299
0.939328
0.939356
0.939385
0.939414
0.939443
0.939472
0.939501
0.939529
0.939558
0.939587
0.939616
0.939645
0.939673
0.939702
0.939731
0.939760
0.939788
0.939817
0.939846
0.939875
0.939904
0.939932
0.939961
0.939990
0.940019
0.940047
0.940076
0.940105
0.940134
0.940162
0.940191
0.940220
0.940249
0.940277
0.940306
0.940335
0.940364
0.940392
0.940421
0.940450
0.940478
0.940507
0.940536
0.940565
0.940593
0.940622
0.940651
0.940679
0.940708
0.940737
0.940765
0.940794
0.940823
0.940851
0.940880
0.940909
0.940937
0.940966
0.940995
0.941023
0.941052
0.941081
0.941109
0.941138
0.941167
0.941195
0.941224
0.941253
0.941281
0.941310
0.941338
0.941367
0.941396
0.941424
0.941453
0.941481
0.941510
0.941539
0.941567
0.941596
0.941624
0.941653
0.941682
0.941710
0.941739
0.941767
0.941796
0.941825
0.941853
0.941882
0.941910
0.941939
0.941967
0.941996
0.942024
0.942053
0.942082
0.942110
0.942139
0.942167
0.942196
0.942224
0.942253
0.942281
0.942310
0.942338
0.942367
0.942395
0.942424
0.942452
0.942481
0.942509
0.942538
0.942566
0.942595
0.942623
0.942652
0.942680
0.942709
0.942737
0.942766
0.942794
0.942823
0.942851
0.942880
0.942908
0.942937
0.942965
0.942994
0.943022
0.943050
0.943079
0.943107
0.943136
0.943164
0.943193
0.943221
0.943249
0.943278
0.943306
0.943335
0.943363
0.943392
0.943420
0.943448
0.943477
0.943505
0.943534
0.943562
0.943590
0.943619
0.943647
0.943675
0.943704
0.943732
0.943761
0.943789
0.943817
0.943846
0.943874
0.943902
0.943931
0.943959
0.943988
0.944016
0.944044
0.944073
0.944101
0.944129
0.944158
0.944186
0.944214
0.944243
0.944271
0.944299
0.944327
0.944356
0.944384
0.944412
0.944441
0.944469
0.944497
0.944526
0.944554
0.944582
0.944610
0.944639
0.944667
0.944695
0.944724
0.944752
0.944780
0.944808
0.944837
0.944865
0.944893
0.944921
0.944950
0.944978
0.945006
0.945034
0.945063
0.945091
0.945119
0.945147
0.945176
0.945204
0.945232
0.945260
0.945289
0.945317
0.945345
0.945373
0.945401
0.945430
0.945458
0.945486
0.945514
0.945542
0.945571
0.945599
0.945627
0.945655
0.945683
0.945711
0.945740
0.945768
0.945796
0.945824
0.945852
0.945880
0.945909
0.945937
0.945965
0.945993
0.946021
0.946049
0.946077
0.946106
0.946134
0.946162
0.946190
0.946218
0.946246
0.946274
0.946302
0.946331
0.946359
0.946387
0.946415
0.946443
0.946471
0.946499
0.946527
0.946555
0.946583
0.946612
0.946640
0.946668
0.946696
0.946724
0.946752
0.946780
0.946808
0.946836
0.946864
0.946892
0.946920
0.946948
0.946976
0.947004
0.947032
0.947060
0.947089
0.947117
0.947145
0.947173
0.947201
0.947229
0.947257
0.947285
0.947313
0.947341
0.947369
0.947397
0.947425
0.947453
0.947481
0.947509
0.947537
0.947565
0.947593
0.947621
0.947649
0.947677
0.947705
0.947733
0.947761
0.947788
0.947816
0.947844
0.947872
0.947900
0.947928
0.947956
0.947984
0.948012
0.948040
0.948068
0.948096
0.948124
0.948152
0.948180
0.948208
0.948236
0.948263
0.948291
0.948319
0.948347
0.948375
0.948403
0.948431
0.948459
0.948487
0.948515
0.948542
0.948570
0.948598
0.948626
0.948654
0.948682
0.948710
0.948738
0.948765
0.948793
0.948821
0.948849
0.948877
0.948905
0.948933
0.948960
0.948988
0.949016
0.949044
0.949072
0.949100
0.949127
0.949155
0.949183
0.949211
0.949239
0.949267
0.949294
0.949322
0.949350
0.949378
0.949406
0.949433
0.949461
0.949489
0.949517
0.949545
0.949572
0.949600
0.949628
0.949656
0.949683
0.949711
0.949739
0.949767
0.949795
0.949822
0.949850
0.949878
0.949906
0.949933
0.949961
0.949989
0.950017
0.950044
0.950072
0.950100
0.950128
0.950155
0.950183
0.950211
0.950238
0.950266
0.950294
0.950322
0.950349
0.950377
0.950405
0.950432
0.950460
0.950488
0.950515
0.950543
0.950571
0.950599
0.950626
0.950654
0.950682
0.950709
0.950737
0.950765
0.950792
0.950820
0.950848
0.950875
0.950903
0.950931
0.950958
0.950986
0.951013
0.951041
0.951069
0.951096
0.951124
0.951152
0.951179
0.951207
0.951234
0.951262
0.951290
0.951317
0.951345
0.951373
0.951400
0.951428
0.951455
0.951483
0.951511
0.951538
0.951566
0.951593
0.951621
0.951648
0.951676
0.951704
0.951731
0.951759
0.951786
0.951814
0.951841
0.951869
0.951897
0.951924
0.951952
0.951979
0.952007
0.952034
0.952062
0.952089
0.952117
0.952144
0.952172
0.952199
0.952227
0.952255
0.952282
0.952310
0.952337
0.952365
0.952392
0.952420
0.952447
0.952475
0.952502
0.952530
0.952557
0.952585
0.952612
0.952640
0.952667
0.952694
0.952722
0.952749
0.952777
0.952804
0.952832
0.952859
0.952887
0.952914
0.952942
0.952969
0.952997
0.953024
0.953051
0.953079
0.953106
0.953134
0.953161
0.953189
0.953216
0.953243
0.953271
0.953298
0.953326
0.953353
0.953380
0.953408
0.953435
0.953463
0.953490
0.953518
0.953545
0.953572
0.953600
0.953627
0.953654
0.953682
0.953709
0.953737
0.953764
0.953791
0.953819
0.953846
0.953873
0.953901
0.953928
0.953955
0.953983
0.954010
0.954038
0.954065
0.954092
0.954120
0.954147
0.954174
0.954202
0.954229
0.954256
0.954283
0.954311
0.954338
0.954365
0.954393
0.954420
0.954447
0.954475
0.954502
0.954529
0.954557
0.954584
0.954611
0.954638
0.954666
0.954693
0.954720
0.954748
0.954775
0.954802
0.954829
0.954857
0.954884
0.954911
0.954938
0.954966
0.954993
0.955020
0.955047
0.955075
0.955102
0.955129
0.955156
0.955184
0.955211
0.955238
0.955265
0.955292
0.955320
0.955347
0.955374
0.955401
0.955429
0.955456
0.955483
0.955510
0.955537
0.955565
0.955592
0.955619
0.955646
0.955673
0.955700
0.955728
0.955755
0.955782
0.955809
0.955836
0.955864
0.955891
0.955918
0.955945
0.955972
0.955999
0.956026
0.956054
0.956081
0.956108
0.956135
0.956162
0.956189
0.956216
0.956244
0.956271
0.956298
0.956325
0.956352
0.956379
0.956406
0.956433
0.956461
0.956488
0.956515
0.956542
0.956569
0.956596
0.956623
0.956650
0.956677
0.956704
0.956731
0.956759
0.956786
0.956813
0.956840
0.956867
0.956894
0.956921
0.956948
0.956975
0.957002
0.957029
0.957056
0.957083
0.957110
0.957137
0.957164
0.957191
0.957218
0.957246
0.957273
0.957300
0.957327
0.957354
0.957381
0.957408
0.957435
0.957462
0.957489
0.957516
0.957543
0.957570
0.957597
0.957624
0.957651
0.957678
0.957705
0.957732
0.957759
0.957786
0.957813
0.957840
0.957867
0.957894
0.957921
0.957947
0.957974
0.958001
0.958028
0.958055
0.958082
0.958109
0.958136
0.958163
0.958190
0.958217
0.958244
0.958271
0.958298
0.958325
0.958352
0.958379
0.958405
0.958432
0.958459
0.958486
0.958513
0.958540
0.958567
0.958594
0.958621
0.958648
0.958675
0.958701
0.958728
0.958755
0.958782
0.958809
0.958836
0.958863
0.958890
0.958916
0.958943
0.958970
0.958997
0.959024
0.959051
0.959078
0.959105
0.959131
0.959158
0.959185
0.959212
0.959239
0.959266
0.959292
0.959319
0.959346
0.959373
0.959400
0.959427
0.959453
0.959480
0.959507
0.959534
0.959561
0.959587
0.959614
0.959641
0.959668
0.959695
0.959721
0.959748
0.959775
0.959802
0.959829
0.959855
0.959882
0.959909
0.959936
0.959963
0.959989
0.960016
0.960043
0.960070
0.960096
0.960123
0.960150
0.960177
0.960203
0.960230
0.960257
0.960284
0.960310
0.960337
0.960364
0.960391
0.960417
0.960444
0.960471
0.960497
0.960524
0.960551
0.960578
0.960604
0.960631
0.960658
0.960684
0.960711
0.960738
0.960764
0.960791
0.960818
0.960845
0.960871
0.960898
0.960925
0.960951
0.960978
0.961005
0.961031
0.961058
0.961085
0.961111
0.961138
0.961165
0.961191
0.961218
0.961245
0.961271
0.961298
0.961325
0.961351
0.961378
0.961404
0.961431
0.961458
0.961484
0.961511
0.961538
0.961564
0.961591
0.961617
0.961644
0.961671
0.961697
0.961724
0.961750
0.961777
0.961804
0.961830
0.961857
0.961883
0.961910
0.961937
0.961963
0.961990
0.962016
0.962043
0.962069
0.962096
0.962123
0.962149
0.962176
0.962202
0.962229
0.962255
0.962282
0.962309
0.962335
0.962362
0.962388
0.962415
0.962441
0.962468
0.962494
0.962521
0.962547
0.962574
0.962600
0.962627
0.962653
0.962680
0.962706
0.962733
0.962760
0.962786
0.962813
0.962839
0.962866
0.962892
0.962918
0.962945
0.962971
0.962998
0.963024
0.963051
0.963077
0.963104
0.963130
0.963157
0.963183
0.963210
0.963236
0.963263
0.963289
0.963316
0.963342
0.963368
0.963395
0.963421
0.963448
0.963474
0.963501
0.963527
0.963554
0.963580
0.963606
0.963633
0.963659
0.963686
0.963712
0.963739
0.963765
0.963791
0.963818
0.963844
0.963871
0.963897
0.963923
0.963950
0.963976
0.964003
0.964029
0.964055
0.964082
0.964108
0.964134
0.964161
0.964187
0.964214
0.964240
0.964266
0.964293
0.964319
0.964345
0.964372
0.964398
0.964424
0.964451
0.964477
0.964503
0.964530
0.964556
0.964583
0.964609
0.964635
0.964662
0.964688
0.964714
0.964740
0.964767
0.964793
0.964819
0.964846
0.964872
0.964898
0.964925
0.964951
0.964977
0.965004
0.965030
0.965056
0.965082
0.965109
0.965135
0.965161
0.965188
0.965214
0.965240
0.965266
0.965293
0.965319
0.965345
0.965371
0.965398
0.965424
0.965450
0.965476
0.965503
0.965529
0.965555
0.965581
0.965608
0.965634
0.965660
0.965686
0.965713
0.965739
0.965765
0.965791
0.965818
0.965844
0.965870
0.965896
0.965922
0.965949
0.965975
0.966001
0.966027
0.966053
0.966080
0.966106
0.966132
0.966158
0.966184
0.966211
0.966237
0.966263
0.966289
0.966315
0.966341
0.966368
0.966394
0.966420
0.966446
0.966472
0.966498
0.966525
0.966551
0.966577
0.966603
0.966629
0.966655
0.966682
0.966708
0.966734
0.966760
0.966786
0.966812
0.966838
0.966864
0.966891
0.966917
0.966943
0.966969
0.966995
0.967021
0.967047
0.967073
0.967099
0.967126
0.967152
0.967178
0.967204
0.967230
0.967256
0.967282
0.967308
0.967334
0.967360
0.967386
0.967412
0.967439
0.967465
0.967491
0.967517
0.967543
0.967569
0.967595
0.967621
0.967647
0.967673
0.967699
0.967725
0.967751
0.967777
0.967803
0.967829
0.967855
0.967881
0.967907
0.967933
0.967959
0.967985
0.968012
0.968038
0.968064
0.968090
0.968116
0.968142
0.968168
0.968194
0.968220
0.968246
0.968272
0.968298
0.968324
0.968350
0.968376
0.968402
0.968427
0.968453
0.968479
0.968505
0.968531
0.968557
0.968583
0.968609
0.968635
0.968661
0.968687
0.968713
0.968739
0.968765
0.968791
0.968817
0.968843
0.968869
0.968895
0.968921
0.968947
0.968973
0.968998
0.969024
0.969050
0.969076
0.969102
0.969128
0.969154
0.969180
0.969206
0.969232
0.969258
0.969284
0.969309
0.969335
0.969361
0.969387
0.969413
0.969439
0.969465
0.969491
0.969517
0.969542
0.969568
0.969594
0.969620
0.969646
0.969672
0.969698
0.969723
0.969749
0.969775
0.969801
0.969827
0.969853
0.969879
0.969904
0.969930
0.969956
0.969982
0.970008
0.970034
0.970059
0.970085
0.970111
0.970137
0.970163
0.970189
0.970214
0.970240
0.970266
0.970292
0.970318
0.970343
0.970369
0.970395
0.970421
0.970447
0.970472
0.970498
0.970524
0.970550
0.970576
0.970601
0.970627
0.970653
0.970679
0.970704
0.970730
0.970756
0.970782
0.970808
0.970833
0.970859
0.970885
0.970911
0.970936
0.970962
0.970988
0.971014
0.971039
0.971065
0.971091
0.971117
0.971142
0.971168
0.971194
0.971219
0.971245
0.971271
0.971297
0.971322
0.971348
0.971374
0.971399
0.971425
0.971451
0.971477
0.971502
0.971528
0.971554
0.971579
0.971605
0.971631
0.971656
0.971682
0.971708
0.971733
0.971759
0.971785
0.971810
0.971836
0.971862
0.971887
0.971913
0.971939
0.971964
0.971990
0.972016
0.972041
0.972067
0.972093
0.972118
0.972144
0.972170
0.972195
0.972221
0.972247
0.972272
0.972298
0.972323
0.972349
0.972375
0.972400
0.972426
0.972452
0.972477
0.972503
0.972528
0.972554
0.972580
0.972605
0.972631
0.972656
0.972682
0.972708
0.972733
0.972759
0.972784
0.972810
0.972835
0.972861
0.972887
0.972912
0.972938
0.972963
0.972989
0.973014
0.973040
0.973066
0.973091
0.973117
0.973142
0.973168
0.973193
0.973219
0.973244
0.973270
0.973296
0.973321
0.973347
0.973372
0.973398
0.973423
0.973449
0.973474
0.973500
0.973525
0.973551
0.973576
0.973602
0.973627
0.973653
0.973678
0.973704
0.973729
0.973755
0.973780
0.973806
0.973831
0.973857
0.973882
0.973908
0.973933
0.973959
0.973984
0.974010
0.974035
0.974061
0.974086
0.974112
0.974137
0.974162
0.974188
0.974213
0.974239
0.974264
0.974290
0.974315
0.974341
0.974366
0.974391
0.974417
0.974442
0.974468
0.974493
0.974519
0.974544
0.974570
0.974595
0.974620
0.974646
0.974671
0.974697
0.974722
0.974747
0.974773
0.974798
0.974824
0.974849
0.974874
0.974900
0.974925
0.974951
0.974976
0.975001
0.975027
0.975052
0.975078
0.975103
0.975128
0.975154
0.975179
0.975204
0.975230
0.975255
0.975280
0.975306
0.975331
0.975357
0.975382
0.975407
0.975433
0.975458
0.975483
0.975509
0.975534
0.975559
0.975585
0.975610
0.975635
0.975661
0.975686
0.975711
0.975737
0.975762
0.975787
0.975813
0.975838
0.975863
0.975888
0.975914
0.975939
0.975964
0.975990
0.976015
0.976040
0.976066
0.976091
0.976116
0.976141
0.976167
0.976192
0.976217
0.976243
0.976268
0.976293
0.976318
0.976344
0.976369
0.976394
0.976419
0.976445
0.976470
0.976495
0.976520
0.976546
0.976571
0.976596
0.976621
0.976647
0.976672
0.976697
0.976722
0.976748
0.976773
0.976798
0.976823
0.976848
0.976874
0.976899
0.976924
0.976949
0.976975
0.977000
0.977025
0.977050
0.977075
0.977101
0.977126
0.977151
0.977176
0.977201
0.977227
0.977252
0.977277
0.977302
0.977327
0.977352
0.977378
0.977403
0.977428
0.977453
0.977478
0.977503
0.977529
0.977554
0.977579
0.977604
0.977629
0.977654
0.977680
0.977705
0.977730
0.977755
0.977780
0.977805
0.977830
0.977855
0.977881
0.977906
0.977931
0.977956
0.977981
0.978006
0.978031
0.978056
0.978082
0.978107
0.978132
0.978157
0.978182
0.978207
0.978232
0.978257
0.978282
0.978307
0.978333
0.978358
0.978383
0.978408
0.978433
0.978458
0.978483
0.978508
0.978533
0.978558
0.978583
0.978608
0.978633
0.978659
0.978684
0.978709
0.978734
0.978759
0.978784
0.978809
0.978834
0.978859
0.978884
0.978909
0.978934
0.978959
0.978984
0.979009
0.979034
0.979059
0.979084
0.979109
0.979134
0.979159
0.979184
0.979209
0.979234
0.979259
0.979284
0.979309
0.979334
0.979359
0.979384
0.979409
0.979434
0.979459
0.979484
0.979509
0.979534
0.979559
0.979584
0.979609
0.979634
0.979659
0.979684
0.979709
0.979734
0.979759
0.979784
0.979809
0.979834
0.979859
0.979884
0.979909
0.979934
0.979959
0.979984
0.980009
0.980034
0.980059
0.980083
0.980108
0.980133
0.980158
0.980183
0.980208
0.980233
0.980258
0.980283
0.980308
0.980333
0.980358
0.980383
0.980407
0.980432
0.980457
0.980482
0.980507
0.980532
0.980557
0.980582
0.980607
0.980632
0.980656
0.980681
0.980706
0.980731
0.980756
0.980781
0.980806
0.980831
0.980855
0.980880
0.980905
0.980930
0.980955
0.980980
0.981005
0.981029
0.981054
0.981079
0.981104
0.981129
0.981154
0.981179
0.981203
0.981228
0.981253
0.981278
0.981303
0.981328
0.981352
0.981377
0.981402
0.981427
0.981452
0.981477
0.981501
0.981526
0.981551
0.981576
0.981601
0.981625
0.981650
0.981675
0.981700
0.981725
0.981749
0.981774
0.981799
0.981824
0.981848
0.981873
0.981898
0.981923
0.981948
0.981972
0.981997
0.982022
0.982047
0.982071
0.982096
0.982121
0.982146
0.982170
0.982195
0.982220
0.982245
0.982269
0.982294
0.982319
0.982344
0.982368
0.982393
0.982418
0.982443
0.982467
0.982492
0.982517
0.982542
0.982566
0.982591
0.982616
0.982640
0.982665
0.982690
0.982715
0.982739
0.982764
0.982789
0.982813
0.982838
0.982863
0.982887
0.982912
0.982937
0.982962
0.982986
0.983011
0.983036
0.983060
0.983085
0.983110
0.983134
0.983159
0.983184
0.983208
0.983233
0.983258
0.983282
0.983307
0.983332
0.983356
0.983381
0.983406
0.983430
0.983455
0.983480
0.983504
0.983529
0.983553
0.983578
0.983603
0.983627
0.983652
0.983677
0.983701
0.983726
0.983750
0.983775
0.983800
0.983824
0.983849
0.983874
0.983898
0.983923
0.983947
0.983972
0.983997
0.984021
0.984046
0.984070
0.984095
0.984120
0.984144
0.984169
0.984193
0.984218
0.984242
0.984267
0.984292
0.984316
0.984341
0.984365
0.984390
0.984414
0.984439
0.984464
0.984488
0.984513
0.984537
0.984562
0.984586
0.984611
0.984635
0.984660
0.984684
0.984709
0.984734
0.984758
0.984783
0.984807
0.984832
0.984856
0.984881
0.984905
0.984930
0.984954
0.984979
0.985003
0.985028
0.985052
0.985077
0.985101
0.985126
0.985150
0.985175
0.985199
0.985224
0.985248
0.985273
0.985297
0.985322
0.985346
0.985371
0.985395
0.985420
0.985444
0.985469
0.985493
0.985518
0.985542
0.985567
0.985591
0.985615
0.985640
0.985664
0.985689
0.985713
0.985738
0.985762
0.985787
0.985811
0.985835
0.985860
0.985884
0.985909
0.985933
0.985958
0.985982
0.986007
0.986031
0.986055
0.986080
0.986104
0.986129
0.986153
0.986177
0.986202
0.986226
0.986251
0.986275
0.986299
0.986324
0.986348
0.986373
0.986397
0.986421
0.986446
0.986470
0.986495
0.986519
0.986543
0.986568
0.986592
0.986617
0.986641
0.986665
0.986690
0.986714
0.986738
0.986763
0.986787
0.986811
0.986836
0.986860
0.986885
0.986909
0.986933
0.986958
0.986982
0.987006
0.987031
0.987055
0.987079
0.987104
0.987128
0.987152
0.987177
0.987201
0.987225
0.987250
0.987274
0.987298
0.987323
0.987347
0.987371
0.987395
0.987420
0.987444
0.987468
0.987493
0.987517
0.987541
0.987566
0.987590
0.987614
0.987638
0.987663
0.987687
0.987711
0.987736
0.987760
0.987784
0.987808
0.987833
0.987857
0.987881
0.987906
0.987930
0.987954
0.987978
0.988003
0.988027
0.988051
0.988075
0.988100
0.988124
0.988148
0.988172
0.988197
0.988221
0.988245
0.988269
0.988293
0.988318
0.988342
0.988366
0.988390
0.988415
0.988439
0.988463
0.988487
0.988512
0.988536
0.988560
0.988584
0.988608
0.988633
0.988657
0.988681
0.988705
0.988729
0.988754
0.988778
0.988802
0.988826
0.988850
0.988874
0.988899
0.988923
0.988947
0.988971
0.988995
0.989020
0.989044
0.989068
0.989092
0.989116
0.989140
0.989165
0.989189
0.989213
0.989237
0.989261
0.989285
0.989309
0.989334
0.989358
0.989382
0.989406
0.989430
0.989454
0.989478
0.989503
0.989527
0.989551
0.989575
0.989599
0.989623
0.989647
0.989671
0.989696
0.989720
0.989744
0.989768
0.989792
0.989816
0.989840
0.989864
0.989888
0.989913
0.989937
0.989961
0.989985
0.990009
0.990033
0.990057
0.990081
0.990105
0.990129
0.990153
0.990177
0.990202
0.990226
0.990250
0.990274
0.990298
0.990322
0.990346
0.990370
0.990394
0.990418
0.990442
0.990466
0.990490
0.990514
0.990538
0.990562
0.990586
0.990611
0.990635
0.990659
0.990683
0.990707
0.990731
0.990755
0.990779
0.990803
0.990827
0.990851
0.990875
0.990899
0.990923
0.990947
0.990971
0.990995
0.991019
0.991043
0.991067
0.991091
0.991115
0.991139
0.991163
0.991187
0.991211
0.991235
0.991259
0.991283
0.991307
0.991331
0.991355
0.991379
0.991403
0.991427
0.991451
0.991475
0.991499
0.991523
0.991547
0.991570
0.991594
0.991618
0.991642
0.991666
0.991690
0.991714
0.991738
0.991762
0.991786
0.991810
0.991834
0.991858
0.991882
0.991906
0.991930
0.991954
0.991977
0.992001
0.992025
0.992049
0.992073
0.992097
0.992121
0.992145
0.992169
0.992193
0.992217
0.992241
0.992264
0.992288
0.992312
0.992336
0.992360
0.992384
0.992408
0.992432
0.992456
0.992479
0.992503
0.992527
0.992551
0.992575
0.992599
0.992623
0.992647
0.992671
0.992694
0.992718
0.992742
0.992766
0.992790
0.992814
0.992838
0.992861
0.992885
0.992909
0.992933
0.992957
0.992981
0.993004
0.993028
0.993052
0.993076
0.993100
0.993124
0.993147
0.993171
0.993195
0.993219
0.993243
0.993267
0.993290
0.993314
0.993338
0.993362
0.993386
0.993409
0.993433
0.993457
0.993481
0.993505
0.993528
0.993552
0.993576
0.993600
0.993624
0.993647
0.993671
0.993695
0.993719
0.993743
0.993766
0.993790
0.993814
0.993838
0.993861
0.993885
0.993909
0.993933
0.993957
0.993980
0.994004
0.994028
0.994052
0.994075
0.994099
0.994123
0.994147
0.994170
0.994194
0.994218
0.994242
0.994265
0.994289
0.994313
0.994336
0.994360
0.994384
0.994408
0.994431
0.994455
0.994479
0.994503
0.994526
0.994550
0.994574
0.994597
0.994621
0.994645
0.994669
0.994692
0.994716
0.994740
0.994763
0.994787
0.994811
0.994834
0.994858
0.994882
0.994905
0.994929
0.994953
0.994977
0.995000
0.995024
0.995048
0.995071
0.995095
0.995119
0.995142
0.995166
0.995190
0.995213
0.995237
0.995261
0.995284
0.995308
0.995331
0.995355
0.995379
0.995402
0.995426
0.995450
0.995473
0.995497
0.995521
0.995544
0.995568
0.995591
0.995615
0.995639
0.995662
0.995686
0.995710
0.995733
0.995757
0.995780
0.995804
0.995828
0.995851
0.995875
0.995899
0.995922
0.995946
0.995969
0.995993
0.996016
0.996040
0.996064
0.996087
0.996111
0.996134
0.996158
0.996182
0.996205
0.996229
0.996252
0.996276
0.996299
0.996323
0.996347
0.996370
0.996394
0.996417
0.996441
0.996464
0.996488
0.996512
0.996535
0.996559
0.996582
0.996606
0.996629
0.996653
0.996676
0.996700
0.996723
0.996747
0.996771
0.996794
0.996818
0.996841
0.996865
0.996888
0.996912
0.996935
0.996959
0.996982
0.997006
0.997029
0.997053
0.997076
0.997100
0.997123
0.997147
0.997170
0.997194
0.997217
0.997241
0.997264
0.997288
0.997311
0.997335
0.997358
0.997382
0.997405
0.997429
0.997452
0.997476
0.997499
0.997523
0.997546
0.997570
0.997593
0.997616
0.997640
0.997663
0.997687
0.997710
0.997734
0.997757
0.997781
0.997804
0.997828
0.997851
0.997874
0.997898
0.997921
0.997945
0.997968
0.997992
0.998015
0.998039
0.998062
0.998085
0.998109
0.998132
0.998156
0.998179
0.998202
0.998226
0.998249
0.998273
0.998296
0.998320
0.998343
0.998366
0.998390
0.998413
0.998437
0.998460
0.998483
0.998507
0.998530
0.998554
0.998577
0.998600
0.998624
0.998647
0.998670
0.998694
0.998717
0.998741
0.998764
0.998787
0.998811
0.998834
0.998857
0.998881
0.998904
0.998927
0.998951
0.998974
0.998998
0.999021
0.999044
0.999068
0.999091
0.999114
0.999138
0.999161
0.999184
0.999208
0.999231
0.999254
0.999278
0.999301
0.999324
0.999348
0.999371
0.999394
0.999418
0.999441
0.999464
0.999488
0.999511
0.999534
0.999557
0.999581
0.999604
0.999627
0.999651
0.999674
0.999697
0.999721
0.999744
0.999767
0.999790
0.999814
0.999837
0.999860
0.999884
0.999907
0.999930
0.999953
0.999977
1.000000
